img_0.jpg 16.6552734375 0.0 0.0 0.0
img_1.jpg 40.0 0.0 0.0 0.0
img_2.jpg 40.0 0.0 0.0 0.0
img_3.jpg 40.0 0.0 0.0 0.0
img_4.jpg 40.0 0.0 0.0 0.0
img_5.jpg -15.0952148438 0.0 0.0 0.0
img_6.jpg -39.9987792969 0.0 0.0 0.0
img_7.jpg -39.9987792969 0.0 0.0 0.0
img_8.jpg -39.9987792969 0.0 0.0 0.0
img_9.jpg -39.9987792969 0.0 0.0 0.0
img_10.jpg -39.9987792969 0.0 0.0 0.0
img_11.jpg -21.6613769531 0.0 0.0 0.0
img_12.jpg -34.7961425781 0.0 0.0 0.0
img_13.jpg -35.2221679688 0.0 0.0 0.0
img_14.jpg -28.0578613281 0.0 0.0 0.0
img_15.jpg -34.4543457031 0.0 0.0 0.0
img_16.jpg 0.0 54.5451491911 0.0 0.0
img_17.jpg 0.0 120.0 0.0 0.0
img_18.jpg 0.0 120.0 0.0 0.0
img_19.jpg 0.0 120.0 0.0 0.0
img_20.jpg 0.0 120.0 0.0 0.0
img_21.jpg 0.0 120.0 0.0 0.0
img_22.jpg 0.0 85.8164921906 0.0 0.0
img_23.jpg 34.2016601562 0.0 0.0 0.0
img_24.jpg 7.88208007812 0.0 0.0 0.0
img_25.jpg 35.2416992188 0.0 0.0 0.0
img_26.jpg 35.5395507812 0.0 0.0 0.0
img_27.jpg -9.46655273438 0.0 0.0 0.0
img_28.jpg -8.69873046875 0.0 0.0 0.0
img_29.jpg -23.2824707031 0.0 0.0 0.0
img_30.jpg -26.4379882812 0.0 0.0 0.0
img_31.jpg -15.009765625 0.0 0.0 0.0
img_32.jpg -31.3842773438 0.0 0.0 0.0
img_33.jpg 0.0 120.0 0.0 0.0
img_34.jpg 0.0 120.0 0.0 0.0
img_35.jpg 0.0 120.0 0.0 0.0
img_36.jpg 0.0 120.0 0.0 0.0
img_37.jpg 0.0 0.0 90.0 0.0
img_38.jpg 0.0 0.0 90.0 0.0
img_39.jpg 0.0 0.0 90.0 0.0
img_40.jpg 0.0 0.0 90.0 0.0
img_41.jpg 0.0 0.0 90.0 0.0
img_42.jpg 0.0 0.0 -90.0 0.0
img_43.jpg 0.0 0.0 -90.0 0.0
img_44.jpg 0.0 0.0 -90.0 0.0
img_45.jpg 0.0 0.0 -90.0 0.0
img_46.jpg 0.0 -29.768534049 0.0 0.0
img_47.jpg 0.0 -50.8379738343 0.0 0.0
img_48.jpg 0.0 -53.1284803757 0.0 0.0
img_49.jpg 0.0 -54.5011741027 0.0 0.0
img_50.jpg 0.0 -56.3327742368 0.0 0.0
img_51.jpg 0.0 -55.4189869171 0.0 0.0
img_52.jpg 0.0 -54.5011741027 0.0 0.0
img_53.jpg 0.0 -54.5011741027 0.0 0.0
img_54.jpg 0.0 -54.5011741027 0.0 0.0
img_55.jpg 0.0 -54.5011741027 0.0 0.0
img_56.jpg 0.0 -54.5011741027 0.0 0.0
img_57.jpg 0.0 -54.5011741027 0.0 0.0
img_58.jpg 0.0 -54.5011741027 0.0 0.0
img_59.jpg 0.0 -54.5011741027 0.0 0.0
img_60.jpg 0.0 -54.5011741027 0.0 0.0
img_61.jpg 0.0 -57.2505870513 0.0 0.0
img_62.jpg 0.0 -73.7390137538 0.0 0.0
img_63.jpg 0.0 -116.332774237 0.0 0.0
img_64.jpg 0.0 -119.995974505 0.0 0.0
img_65.jpg 0.0 -119.995974505 0.0 0.0
img_66.jpg 0.0 -119.995974505 0.0 0.0
img_67.jpg 0.0 0.0 90.0 0.0
img_68.jpg 0.0 0.0 90.0 0.0
img_69.jpg 0.0 0.0 90.0 0.0
img_70.jpg 0.0 0.0 90.0 0.0
img_71.jpg 0.0 0.0 90.0 0.0
img_72.jpg 0.0 0.0 90.0 0.0
img_73.jpg 0.0 0.0 90.0 0.0
img_74.jpg 0.0 0.0 90.0 0.0
img_75.jpg 0.0 0.0 90.0 0.0
img_76.jpg 28.9965820312 0.0 0.0 0.0
img_77.jpg 40.0 0.0 0.0 0.0
img_78.jpg 40.0 0.0 0.0 0.0
img_79.jpg 40.0 0.0 0.0 0.0
img_80.jpg 40.0 0.0 0.0 0.0
img_81.jpg -16.6296386719 0.0 0.0 0.0
img_82.jpg -39.9987792969 0.0 0.0 0.0
img_83.jpg -39.9987792969 0.0 0.0 0.0
img_84.jpg -28.5339355469 0.0 0.0 0.0
img_85.jpg 0.0 52.3618653082 0.0 0.0
img_86.jpg 0.0 120.0 0.0 0.0
img_87.jpg 0.0 120.0 0.0 0.0
img_88.jpg 0.0 120.0 0.0 0.0
img_89.jpg 0.0 120.0 0.0 0.0
img_90.jpg 0.0 120.0 0.0 0.0
img_91.jpg 0.0 120.0 0.0 0.0
img_92.jpg 0.0 120.0 0.0 0.0
img_93.jpg 0.0 120.0 0.0 0.0
img_94.jpg 0.0 120.0 0.0 0.0
img_95.jpg 0.0 120.0 0.0 0.0
img_96.jpg 0.0 120.0 0.0 0.0
img_97.jpg 0.0 -68.6990942637 0.0 0.0
img_98.jpg 0.0 -119.995974505 0.0 0.0
img_99.jpg 0.0 -119.995974505 0.0 0.0
img_100.jpg 0.0 -119.995974505 0.0 0.0
img_101.jpg 0.0 -119.995974505 0.0 0.0
img_102.jpg 0.0 -119.995974505 0.0 0.0
img_103.jpg 0.0 -119.995974505 0.0 0.0
img_104.jpg 0.0 -58.6232807783 0.0 0.0
img_105.jpg 40.0 0.0 0.0 0.0
img_106.jpg 40.0 0.0 0.0 0.0
img_107.jpg 40.0 0.0 0.0 0.0
img_108.jpg 40.0 0.0 0.0 0.0
img_109.jpg 40.0 0.0 0.0 0.0
img_110.jpg 37.32421875 0.0 0.0 0.0
img_111.jpg 0.0 11.3933829704 0.0 0.0
img_112.jpg 0.0 79.757039691 0.0 0.0
img_113.jpg 0.0 120.0 0.0 0.0
img_114.jpg 0.0 120.0 0.0 0.0
img_115.jpg 0.0 120.0 0.0 0.0
img_116.jpg 0.0 105.210770867 0.0 0.0
img_117.jpg 0.0 -27.9369339148 0.0 0.0
img_118.jpg 0.0 -119.995974505 0.0 0.0
img_119.jpg 0.0 -119.995974505 0.0 0.0
img_120.jpg 0.0 -119.995974505 0.0 0.0
img_121.jpg 0.0 -119.995974505 0.0 0.0
img_122.jpg 0.0 -119.995974505 0.0 0.0
img_123.jpg 0.0 -119.995974505 0.0 0.0
img_124.jpg 0.0 -119.995974505 0.0 0.0
img_125.jpg 0.0 -117.709493459 0.0 0.0
img_126.jpg -18.1726074219 0.0 0.0 0.0
img_127.jpg -39.9987792969 0.0 0.0 0.0
img_128.jpg -39.9987792969 0.0 0.0 0.0
img_129.jpg -39.9987792969 0.0 0.0 0.0
img_130.jpg -39.9987792969 0.0 0.0 0.0
img_131.jpg -39.9987792969 0.0 0.0 0.0
img_132.jpg -39.9987792969 0.0 0.0 0.0
img_133.jpg -39.9987792969 0.0 0.0 0.0
img_134.jpg -15.8801269531 0.0 0.0 0.0
img_135.jpg -38.8940429688 0.0 0.0 0.0
img_136.jpg -39.9987792969 0.0 0.0 0.0
img_137.jpg -27.08984375 0.0 0.0 0.0
img_138.jpg 0.0 0.0 0.0 25.7598876953
img_139.jpg 0.0 0.0 0.0 39.7735595703
img_140.jpg 0.0 0.0 0.0 54.1687011719
img_141.jpg 0.0 0.0 0.0 99.2431640625
img_142.jpg 0.0 0.0 0.0 100.0
img_143.jpg 0.0 0.0 0.0 100.0
img_144.jpg 0.0 0.0 0.0 100.0
img_145.jpg 0.0 0.0 0.0 -8.15734863281
img_146.jpg 0.0 0.0 0.0 -58.3648681641
img_147.jpg 0.0 0.0 0.0 -63.5955810547
img_148.jpg 0.0 0.0 0.0 -65.6860351562
img_149.jpg 0.0 0.0 0.0 -65.478515625
img_150.jpg 0.0 0.0 0.0 -65.2679443359
img_151.jpg 0.0 0.0 0.0 -65.2679443359
img_152.jpg 0.0 0.0 0.0 -65.2679443359
img_153.jpg 0.0 0.0 0.0 -65.2679443359
img_154.jpg 0.0 0.0 0.0 -65.2679443359
img_155.jpg 0.0 0.0 0.0 -65.2679443359
img_156.jpg 0.0 0.0 0.0 -65.2679443359
img_157.jpg 0.0 0.0 0.0 -65.2679443359
img_158.jpg 0.0 0.0 0.0 -65.2679443359
img_159.jpg 0.0 0.0 0.0 -65.2679443359
img_160.jpg 0.0 0.0 0.0 -65.2679443359
img_161.jpg 0.0 0.0 0.0 -65.2679443359
img_162.jpg 0.0 0.0 0.0 -65.2679443359
img_163.jpg 0.0 0.0 0.0 -57.3181152344
img_164.jpg 0.0 0.0 0.0 41.2902832031
img_165.jpg 0.0 0.0 0.0 54.5471191406
img_166.jpg 0.0 0.0 0.0 54.5471191406
img_167.jpg 0.0 0.0 0.0 54.5471191406
img_168.jpg 0.0 0.0 0.0 54.5471191406
img_169.jpg 0.0 0.0 0.0 54.5471191406
img_170.jpg 0.0 0.0 0.0 54.5471191406
img_171.jpg 0.0 0.0 0.0 54.5471191406
img_172.jpg 0.0 0.0 0.0 46.5911865234
img_173.jpg 0.0 0.0 0.0 39.0167236328
img_174.jpg 38.3654785156 0.0 0.0 0.0
img_175.jpg 40.0 0.0 0.0 0.0
img_176.jpg 9.51782226562 0.0 0.0 0.0
img_177.jpg 40.0 0.0 0.0 0.0
img_178.jpg 40.0 0.0 0.0 0.0
img_179.jpg 40.0 0.0 0.0 0.0
img_180.jpg 40.0 0.0 0.0 0.0
img_181.jpg 40.0 0.0 0.0 0.0
img_182.jpg 21.8591308594 0.0 0.0 0.0
img_183.jpg 22.0080566406 0.0 0.0 0.0
img_184.jpg 22.0080566406 0.0 0.0 0.0
img_185.jpg 5.05615234375 0.0 0.0 0.0
img_186.jpg 34.2016601562 0.0 0.0 0.0
img_187.jpg 34.9450683594 0.0 0.0 0.0
img_188.jpg 35.0939941406 0.0 0.0 0.0
img_189.jpg 35.0939941406 0.0 0.0 0.0
img_190.jpg 0.0 0.0 90.0 0.0
img_191.jpg 0.0 0.0 90.0 0.0
img_192.jpg 0.0 0.0 90.0 0.0
img_193.jpg 0.0 0.0 90.0 0.0
img_194.jpg 0.0 0.0 90.0 0.0
img_195.jpg 0.0 0.0 90.0 0.0
img_196.jpg 0.0 0.0 90.0 0.0
img_197.jpg 0.0 0.0 90.0 0.0
img_198.jpg 0.0 0.0 90.0 0.0
img_199.jpg 0.0 74.1812685439 0.0 0.0
img_200.jpg 0.0 120.0 0.0 0.0
img_201.jpg 0.0 120.0 0.0 0.0
img_202.jpg 0.0 120.0 0.0 0.0
img_203.jpg 0.0 120.0 0.0 0.0
img_204.jpg 0.0 120.0 0.0 0.0
img_205.jpg 0.0 120.0 0.0 0.0
img_206.jpg 0.0 87.2708951464 0.0 0.0
img_207.jpg 0.0 21.8160443375 0.0 0.0
img_208.jpg 0.0 120.0 0.0 0.0
img_209.jpg 0.0 120.0 0.0 0.0
img_210.jpg -20.2954101562 0.0 0.0 0.0
img_211.jpg -37.6208496094 0.0 0.0 0.0
img_212.jpg -25.13671875 0.0 0.0 0.0
img_213.jpg 34.7961425781 0.0 0.0 0.0
img_214.jpg 38.2165527344 0.0 0.0 0.0
img_215.jpg 0.0 66.9058948665 0.0 0.0
img_216.jpg 0.0 97.2098751609 0.0 0.0
img_217.jpg 0.0 72.4816660135 0.0 0.0
img_218.jpg 0.0 93.330347646 0.0 0.0
img_219.jpg 0.0 120.0 0.0 0.0
img_220.jpg 0.0 120.0 0.0 0.0
img_221.jpg 0.0 0.0 -90.0 0.0
img_222.jpg 0.0 0.0 -90.0 0.0
img_223.jpg 0.0 0.0 -90.0 0.0
img_224.jpg 0.0 0.0 -90.0 0.0
img_225.jpg 0.0 0.0 -90.0 0.0
img_226.jpg 0.0 55.5125118961 0.0 0.0
img_227.jpg 0.0 120.0 0.0 0.0
img_228.jpg 0.0 62.3008453227 0.0 0.0
img_229.jpg 0.0 21.0905223087 0.0 0.0
img_230.jpg 0.0 120.0 0.0 0.0
img_231.jpg 0.0 105.210770867 0.0 0.0
img_232.jpg -27.7697753906 0.0 0.0 0.0
img_233.jpg -39.9987792969 0.0 0.0 0.0
img_234.jpg -39.9987792969 0.0 0.0 0.0
img_235.jpg -39.9987792969 0.0 0.0 0.0
img_236.jpg -39.9987792969 0.0 0.0 0.0
img_237.jpg -29.892578125 0.0 0.0 0.0
img_238.jpg -21.8249511719 0.0 0.0 0.0
img_239.jpg -39.7436523438 0.0 0.0 0.0
img_240.jpg -32.3547363281 0.0 0.0 0.0
img_241.jpg 0.0 -36.6400536733 0.0 0.0
img_242.jpg 0.0 -119.995974505 0.0 0.0
img_243.jpg 0.0 -119.995974505 0.0 0.0
img_244.jpg 0.0 -119.995974505 0.0 0.0
img_245.jpg 0.0 -119.995974505 0.0 0.0
img_246.jpg 0.0 -64.1221066756 0.0 0.0
img_247.jpg 0.0 -119.995974505 0.0 0.0
img_248.jpg 0.0 -119.995974505 0.0 0.0
img_249.jpg 0.0 -98.9305602147 0.0 0.0
img_250.jpg 0.0 -119.995974505 0.0 0.0
img_251.jpg 0.0 -119.995974505 0.0 0.0
img_252.jpg 0.0 -119.995974505 0.0 0.0
img_253.jpg -21.5698242188 0.0 0.0 0.0
img_254.jpg -38.8940429688 0.0 0.0 0.0
img_255.jpg -34.8181152344 0.0 0.0 0.0
img_256.jpg -13.8415527344 0.0 0.0 0.0
img_257.jpg -33.9685058594 0.0 0.0 0.0
img_258.jpg -36.6015625 0.0 0.0 0.0
img_259.jpg -36.6857910156 0.0 0.0 0.0
img_260.jpg 0.0 0.0 90.0 0.0
img_261.jpg 0.0 0.0 90.0 0.0
img_262.jpg 0.0 0.0 90.0 0.0
img_263.jpg 0.0 0.0 90.0 0.0
img_264.jpg 0.0 0.0 90.0 0.0
img_265.jpg 0.0 0.0 90.0 0.0
img_266.jpg 0.0 0.0 90.0 0.0
img_267.jpg 0.0 0.0 90.0 0.0
img_268.jpg 0.0 0.0 90.0 0.0
img_269.jpg -16.1352539062 0.0 0.0 0.0
img_270.jpg -29.2980957031 0.0 0.0 0.0
img_271.jpg -22.7587890625 0.0 0.0 0.0
img_272.jpg 0.0 98.906118793 0.0 0.0
img_273.jpg 0.0 108.119576779 0.0 0.0
img_274.jpg 0.0 108.119576779 0.0 0.0
img_275.jpg 0.0 108.119576779 0.0 0.0
img_276.jpg 0.0 108.119576779 0.0 0.0
img_277.jpg 0.0 108.119576779 0.0 0.0
img_278.jpg 0.0 95.2717908526 0.0 0.0
img_279.jpg 0.0 91.3922633376 0.0 0.0
img_280.jpg 0.0 91.3922633376 0.0 0.0
img_281.jpg 0.0 72.4816660135 0.0 0.0
img_282.jpg 16.357421875 0.0 0.0 0.0
img_283.jpg 22.6025390625 0.0 0.0 0.0
img_284.jpg 23.0493164062 0.0 0.0 0.0
img_285.jpg 26.6174316406 0.0 0.0 0.0
img_286.jpg 33.3093261719 0.0 0.0 0.0
img_287.jpg 34.6472167969 0.0 0.0 0.0
img_288.jpg 34.4982910156 0.0 0.0 0.0
img_289.jpg 34.6472167969 0.0 0.0 0.0
img_290.jpg 34.6472167969 0.0 0.0 0.0
img_291.jpg 34.4982910156 0.0 0.0 0.0
img_292.jpg 34.4982910156 0.0 0.0 0.0
img_293.jpg 34.4982910156 0.0 0.0 0.0
img_294.jpg 34.4982910156 0.0 0.0 0.0
img_295.jpg 34.4982910156 0.0 0.0 0.0
img_296.jpg 34.3505859375 0.0 0.0 0.0
img_297.jpg 0.0 0.0 -90.0 0.0
img_298.jpg 0.0 0.0 -90.0 0.0
img_299.jpg 0.0 0.0 -90.0 0.0
img_300.jpg 0.0 0.0 -90.0 0.0
img_301.jpg 0.0 0.0 -90.0 0.0
img_302.jpg 0.0 -16.4884267024 0.0 0.0
img_303.jpg 0.0 -61.8316001342 0.0 0.0
img_304.jpg 0.0 -88.8547467293 0.0 0.0
img_305.jpg 0.0 -94.3495471318 0.0 0.0
img_306.jpg 0.0 -99.3854411271 0.0 0.0
img_307.jpg 0.0 -102.134854076 0.0 0.0
img_308.jpg 0.0 -99.8443475344 0.0 0.0
img_309.jpg 0.0 -99.8443475344 0.0 0.0
img_310.jpg 0.0 -99.8443475344 0.0 0.0
img_311.jpg 0.0 -99.8443475344 0.0 0.0
img_312.jpg 0.0 -99.8443475344 0.0 0.0
img_313.jpg -16.0498046875 0.0 0.0 0.0
img_314.jpg -27.8540039062 0.0 0.0 0.0
img_315.jpg -29.9768066406 0.0 0.0 0.0
img_316.jpg -29.9768066406 0.0 0.0 0.0
img_317.jpg -30.0622558594 0.0 0.0 0.0
img_318.jpg -30.4870605469 0.0 0.0 0.0
img_319.jpg -30.8264160156 0.0 0.0 0.0
img_320.jpg -30.99609375 0.0 0.0 0.0
img_321.jpg -31.4208984375 0.0 0.0 0.0
img_322.jpg -32.4401855469 0.0 0.0 0.0
img_323.jpg -33.7133789062 0.0 0.0 0.0
img_324.jpg -33.798828125 0.0 0.0 0.0
img_325.jpg -33.798828125 0.0 0.0 0.0
img_326.jpg -15.3698730469 0.0 0.0 0.0
img_327.jpg 0.0 0.0 0.0 85.2294921875
img_328.jpg 0.0 0.0 0.0 100.0
img_329.jpg 0.0 0.0 0.0 100.0
img_330.jpg 0.0 0.0 0.0 100.0
img_331.jpg 0.0 0.0 0.0 100.0
img_332.jpg 0.0 0.0 0.0 100.0
img_333.jpg 0.0 0.0 0.0 100.0
img_334.jpg 0.0 0.0 0.0 15.5303955078
img_335.jpg 0.0 0.0 0.0 -5.02014160156
img_336.jpg 0.0 0.0 0.0 -34.0972900391
img_337.jpg 0.0 0.0 0.0 -36.6088867188
img_338.jpg 0.0 0.0 0.0 -38.0737304688
img_339.jpg 0.0 0.0 0.0 -38.6993408203
img_340.jpg 0.0 0.0 0.0 -38.9099121094
img_341.jpg 0.0 0.0 0.0 -40.3747558594
img_342.jpg 0.0 0.0 0.0 -43.7194824219
img_343.jpg 0.0 0.0 0.0 -56.4819335938
img_344.jpg 0.0 0.0 0.0 -64.013671875
img_345.jpg 0.0 0.0 0.0 -64.6423339844
img_346.jpg 0.0 0.0 0.0 -66.5222167969
img_347.jpg 0.0 0.0 0.0 -66.5222167969
img_348.jpg 0.0 0.0 0.0 -66.943359375
img_349.jpg 0.0 0.0 0.0 -70.4986572266
img_350.jpg 0.0 0.0 0.0 -99.9969482422
img_351.jpg 0.0 0.0 0.0 -99.9969482422
img_352.jpg 0.0 0.0 0.0 -99.9969482422
img_353.jpg 0.0 0.0 0.0 -99.9969482422
img_354.jpg 0.0 0.0 0.0 -99.9969482422
img_355.jpg 0.0 0.0 0.0 -99.9969482422
img_356.jpg 0.0 0.0 0.0 -99.9969482422
img_357.jpg 0.0 0.0 0.0 -99.9969482422
img_358.jpg 0.0 0.0 0.0 -99.9969482422
img_359.jpg 0.0 0.0 0.0 -99.9969482422
img_360.jpg 0.0 0.0 0.0 -99.9969482422
img_361.jpg 0.0 0.0 0.0 -87.0239257812
img_362.jpg 0.0 0.0 0.0 -30.3314208984
img_363.jpg 0.0 0.0 0.0 -30.3314208984
img_364.jpg 0.0 0.0 0.0 -28.8665771484
img_365.jpg 0.0 53.087387337 0.0 0.0
img_366.jpg 0.0 95.9973128814 0.0 0.0
img_367.jpg 0.0 96.2391535576 0.0 0.0
img_368.jpg 0.0 96.2391535576 0.0 0.0
img_369.jpg 0.0 96.2391535576 0.0 0.0
img_370.jpg 0.0 95.7554722051 0.0 0.0
img_371.jpg 0.0 95.7554722051 0.0 0.0
img_372.jpg 0.0 79.2699994402 0.0 0.0
img_373.jpg -15.8801269531 0.0 0.0 0.0
img_374.jpg -39.2333984375 0.0 0.0 0.0
img_375.jpg -39.9987792969 0.0 0.0 0.0
img_376.jpg -39.9987792969 0.0 0.0 0.0
img_377.jpg -39.9987792969 0.0 0.0 0.0
img_378.jpg -39.9987792969 0.0 0.0 0.0
img_379.jpg -34.0539550781 0.0 0.0 0.0
img_380.jpg -27.5988769531 0.0 0.0 0.0
img_381.jpg -23.4387207031 0.0 0.0 0.0
img_382.jpg -23.6083984375 0.0 0.0 0.0
img_383.jpg -28.2788085938 0.0 0.0 0.0
img_384.jpg -12.7380371094 0.0 0.0 0.0
img_385.jpg 0.0 0.0 90.0 0.0
img_386.jpg 0.0 0.0 90.0 0.0
img_387.jpg 0.0 0.0 90.0 0.0
img_388.jpg 0.0 0.0 90.0 0.0
img_389.jpg 0.0 0.0 90.0 0.0
img_390.jpg 0.0 0.0 90.0 0.0
img_391.jpg 0.0 0.0 90.0 0.0
img_392.jpg 0.0 0.0 90.0 0.0
img_393.jpg 0.0 -119.995974505 0.0 0.0
img_394.jpg 0.0 -119.995974505 0.0 0.0
img_395.jpg 0.0 -119.995974505 0.0 0.0
img_396.jpg 0.0 -119.995974505 0.0 0.0
img_397.jpg 0.0 -119.995974505 0.0 0.0
img_398.jpg 0.0 -119.995974505 0.0 0.0
img_399.jpg 0.0 -119.995974505 0.0 0.0
img_400.jpg 0.0 -119.995974505 0.0 0.0
img_401.jpg 16.8029785156 0.0 0.0 0.0
img_402.jpg 40.0 0.0 0.0 0.0
img_403.jpg 40.0 0.0 0.0 0.0
img_404.jpg 40.0 0.0 0.0 0.0
img_405.jpg 40.0 0.0 0.0 0.0
img_406.jpg 40.0 0.0 0.0 0.0
img_407.jpg 40.0 0.0 0.0 0.0
img_408.jpg 0.0 25.6955718524 0.0 0.0
img_409.jpg 0.0 120.0 0.0 0.0
img_410.jpg 0.0 120.0 0.0 0.0
img_411.jpg 0.0 120.0 0.0 0.0
img_412.jpg 0.0 120.0 0.0 0.0
img_413.jpg 0.0 120.0 0.0 0.0
img_414.jpg 0.0 120.0 0.0 0.0
img_415.jpg 0.0 120.0 0.0 0.0
img_416.jpg -27.08984375 0.0 0.0 0.0
img_417.jpg -39.9987792969 0.0 0.0 0.0
img_418.jpg -39.9987792969 0.0 0.0 0.0
img_419.jpg -39.9987792969 0.0 0.0 0.0
img_420.jpg -39.9987792969 18.1783574987 0.0 0.0
img_421.jpg -39.9987792969 17.9365168225 0.0 0.0
img_422.jpg 0.0 68.3602978223 0.0 0.0
img_423.jpg 0.0 120.0 0.0 0.0
img_424.jpg 0.0 120.0 0.0 0.0
img_425.jpg 0.0 120.0 0.0 0.0
img_426.jpg 0.0 120.0 0.0 0.0
img_427.jpg 0.0 101.089402676 0.0 0.0
img_428.jpg 0.0 63.9970889548 0.0 0.0
img_429.jpg 0.0 64.2389296311 0.0 0.0
img_430.jpg 0.0 64.2389296311 0.0 0.0
img_431.jpg 0.0 79.5118401164 0.0 0.0
img_432.jpg 0.0 78.7863180877 0.0 0.0
img_433.jpg 0.0 22.29972569 0.0 0.0
img_434.jpg 0.0 -119.995974505 0.0 0.0
img_435.jpg 0.0 -119.995974505 0.0 0.0
img_436.jpg 0.0 -119.995974505 0.0 0.0
img_437.jpg 0.0 -119.995974505 0.0 0.0
img_438.jpg 0.0 -119.995974505 0.0 0.0
img_439.jpg 0.0 -119.995974505 0.0 0.0
img_440.jpg 0.0 -119.995974505 0.0 0.0
img_441.jpg 0.0 -82.8970144247 0.0 0.0
img_442.jpg 31.2268066406 0.0 0.0 0.0
img_443.jpg 40.0 0.0 0.0 0.0
img_444.jpg 40.0 0.0 0.0 0.0
img_445.jpg 40.0 0.0 0.0 0.0
img_446.jpg 40.0 0.0 0.0 0.0
img_447.jpg 40.0 0.0 0.0 0.0
img_448.jpg 6.09741210938 0.0 0.0 0.0
