img_1354.jpg 0.0 0.0 90.0 0.0
img_1355.jpg 0.0 0.0 90.0 0.0
img_1356.jpg 0.0 0.0 90.0 0.0
img_1357.jpg 0.0 0.0 90.0 0.0
img_1358.jpg 0.0 0.0 90.0 0.0
img_1359.jpg 0.0 0.0 90.0 0.0
img_1360.jpg 0.0 0.0 90.0 0.0
img_1361.jpg 0.0 0.0 90.0 0.0
img_1362.jpg 0.0 0.0 90.0 0.0
img_1363.jpg 0.0 29.8858294157 0.0 0.0
img_1364.jpg 0.0 51.2592343855 0.0 0.0
img_1365.jpg 0.0 60.0033579584 0.0 0.0
img_1366.jpg 0.0 60.4902619208 0.0 0.0
img_1367.jpg 0.0 60.4902619208 0.0 0.0
img_1368.jpg 0.0 60.7320349228 0.0 0.0
img_1369.jpg 0.0 61.9476158496 0.0 0.0
img_1370.jpg 0.0 89.395567495 0.0 0.0
img_1371.jpg 0.0 110.768972465 0.0 0.0
img_1372.jpg 0.0 120.0 0.0 0.0
img_1373.jpg 0.0 120.0 0.0 0.0
img_1374.jpg 0.0 120.0 0.0 0.0
img_1375.jpg 0.0 120.0 0.0 0.0
img_1376.jpg 0.0 107.854264607 0.0 0.0
img_1377.jpg 0.0 0.0 -90.0 0.0
img_1378.jpg 0.0 0.0 -90.0 0.0
img_1379.jpg 0.0 0.0 -90.0 0.0
img_1380.jpg -6.74194335938 0.0 0.0 0.0
img_1381.jpg -11.2976074219 0.0 0.0 0.0
img_1382.jpg -12.6635742188 0.0 0.0 0.0
img_1383.jpg -13.1201171875 0.0 0.0 0.0
img_1384.jpg -13.3020019531 0.0 0.0 0.0
img_1385.jpg -13.3935546875 0.0 0.0 0.0
img_1386.jpg -13.6669921875 0.0 0.0 0.0
img_1387.jpg -16.7639160156 0.0 0.0 0.0
img_1388.jpg -24.7827148438 0.0 0.0 0.0
img_1389.jpg -25.3283691406 0.0 0.0 0.0
img_1390.jpg -25.3283691406 0.0 0.0 0.0
img_1391.jpg -25.3283691406 0.0 0.0 0.0
img_1392.jpg -25.3283691406 0.0 0.0 0.0
img_1393.jpg -25.419921875 0.0 0.0 0.0
img_1394.jpg -25.419921875 0.0 0.0 0.0
img_1395.jpg -19.0417480469 0.0 0.0 0.0
img_1396.jpg 8.92211914062 0.0 0.0 0.0
img_1397.jpg 14.1271972656 0.0 0.0 0.0
img_1398.jpg 14.1271972656 0.0 0.0 0.0
img_1399.jpg 14.1271972656 0.0 0.0 0.0
img_1400.jpg 14.1271972656 0.0 0.0 0.0
img_1401.jpg 14.1271972656 0.0 0.0 0.0
img_1402.jpg 14.1271972656 0.0 0.0 0.0
img_1403.jpg 14.1271972656 0.0 0.0 0.0
img_1404.jpg 14.2761230469 0.0 0.0 0.0
img_1405.jpg 16.2084960938 0.0 0.0 0.0
img_1406.jpg 17.3986816406 0.0 0.0 0.0
img_1407.jpg 17.5476074219 0.0 0.0 0.0
img_1408.jpg 18.1420898438 0.0 0.0 0.0
img_1409.jpg 19.1833496094 0.0 0.0 0.0
img_1410.jpg 21.8591308594 0.0 0.0 0.0
img_1411.jpg 22.0080566406 0.0 0.0 0.0
img_1412.jpg 22.0080566406 0.0 0.0 0.0
img_1413.jpg 22.0080566406 0.0 0.0 0.0
img_1414.jpg 21.5625 0.0 0.0 0.0
img_1415.jpg 21.4135742188 0.0 0.0 0.0
img_1416.jpg 0.0 0.0 90.0 0.0
img_1417.jpg 0.0 0.0 90.0 0.0
img_1418.jpg 0.0 0.0 90.0 0.0
img_1419.jpg 0.0 0.0 90.0 0.0
img_1420.jpg 0.0 0.0 90.0 0.0
img_1421.jpg 0.0 0.0 90.0 0.0
img_1422.jpg 0.0 0.0 90.0 0.0
img_1423.jpg 0.0 0.0 90.0 0.0
img_1424.jpg 0.0 15.5540631296 0.0 0.0
img_1425.jpg 0.0 57.3337810611 0.0 0.0
img_1426.jpg 0.0 76.5211551377 0.0 0.0
img_1427.jpg 0.0 94.0094022834 0.0 0.0
img_1428.jpg 0.0 102.995298858 0.0 0.0
img_1429.jpg 0.0 120.0 0.0 0.0
img_1430.jpg 0.0 120.0 0.0 0.0
img_1431.jpg 0.0 120.0 0.0 0.0
img_1432.jpg 0.0 120.0 0.0 0.0
img_1433.jpg 0.0 120.0 0.0 0.0
img_1434.jpg 0.0 120.0 0.0 0.0
img_1435.jpg 0.0 120.0 0.0 0.0
img_1436.jpg 0.0 120.0 0.0 0.0
img_1437.jpg 0.0 120.0 0.0 0.0
img_1438.jpg 0.0 120.0 0.0 0.0
img_1439.jpg 0.0 120.0 0.0 0.0
img_1440.jpg 0.0 0.0 -90.0 0.0
img_1441.jpg 0.0 0.0 -90.0 0.0
img_1442.jpg 0.0 0.0 -90.0 0.0
img_1443.jpg 0.0 0.0 -90.0 0.0
img_1444.jpg 0.0 0.0 -90.0 0.0
img_1445.jpg 0.0 0.0 -90.0 0.0
img_1446.jpg 0.0 0.0 -90.0 0.0
img_1447.jpg 0.0 0.0 -90.0 0.0
img_1448.jpg 0.0 0.0 -90.0 0.0
img_1449.jpg 0.0 0.0 -90.0 0.0
img_1450.jpg 0.0 0.0 -90.0 0.0
img_1451.jpg 0.0 0.0 -90.0 0.0
img_1452.jpg 0.0 0.0 -90.0 0.0
img_1453.jpg 0.0 0.0 -90.0 0.0
img_1454.jpg 0.0 0.0 -90.0 0.0
img_1455.jpg 0.0 0.0 -90.0 0.0
img_1456.jpg 0.0 0.0 -90.0 0.0
img_1457.jpg 0.0 -34.4818791946 -90.0 0.0
img_1458.jpg 0.0 -96.5516778523 -90.0 0.0
img_1459.jpg 0.0 -119.995973154 -90.0 0.0
img_1460.jpg 0.0 -119.995973154 -90.0 0.0
img_1461.jpg 0.0 -119.995973154 -90.0 0.0
img_1462.jpg 0.0 -119.995973154 -90.0 0.0
img_1463.jpg 0.0 -119.995973154 -90.0 0.0
img_1464.jpg 0.0 -119.995973154 -90.0 0.0
img_1465.jpg 0.0 -119.995973154 -90.0 0.0
img_1466.jpg 0.0 -119.995973154 -90.0 0.0
img_1467.jpg 0.0 -119.995973154 -90.0 0.0
img_1468.jpg 0.0 -119.995973154 -90.0 0.0
img_1469.jpg 0.0 -119.995973154 -90.0 0.0
img_1470.jpg 0.0 -119.995973154 -90.0 0.0
img_1471.jpg 0.0 0.0 -90.0 0.0
img_1472.jpg 0.0 0.0 -90.0 0.0
img_1473.jpg 0.0 0.0 90.0 0.0
img_1474.jpg 0.0 0.0 90.0 0.0
img_1475.jpg 0.0 0.0 90.0 0.0
img_1476.jpg 0.0 0.0 90.0 0.0
img_1477.jpg 0.0 0.0 90.0 0.0
img_1478.jpg 0.0 0.0 90.0 0.0
img_1479.jpg 0.0 0.0 90.0 0.0
img_1480.jpg 0.0 0.0 90.0 0.0
img_1481.jpg 0.0 0.0 90.0 0.0
img_1482.jpg 0.0 0.0 90.0 0.0
img_1483.jpg 0.0 0.0 90.0 0.0
img_1484.jpg 0.0 0.0 90.0 0.0
img_1485.jpg 0.0 0.0 90.0 0.0
img_1486.jpg 0.0 0.0 90.0 0.0
img_1487.jpg 0.0 0.0 90.0 0.0
img_1488.jpg 0.0 0.0 90.0 0.0
img_1489.jpg 0.0 0.0 90.0 0.0
img_1490.jpg 0.0 0.0 90.0 0.0
img_1491.jpg 0.0 0.0 90.0 0.0
img_1492.jpg 0.0 0.0 90.0 0.0
img_1493.jpg 0.0 0.0 90.0 0.0
img_1494.jpg 0.0 0.0 90.0 0.0
img_1495.jpg 0.0 0.0 90.0 0.0
img_1496.jpg 0.0 0.0 90.0 0.0
img_1497.jpg 0.0 0.0 90.0 0.0
img_1498.jpg 0.0 0.0 90.0 0.0
img_1499.jpg 0.0 0.0 90.0 0.0
img_1500.jpg 0.0 84.2948287441 0.0 0.0
img_1501.jpg 0.0 106.883814641 0.0 0.0
img_1502.jpg 0.0 106.155137676 0.0 0.0
img_1503.jpg 0.0 106.155137676 0.0 0.0
img_1504.jpg 0.0 34.0161182001 0.0 0.0
img_1505.jpg 0.0 0.0 90.0 0.0
img_1506.jpg 0.0 0.0 90.0 0.0
img_1507.jpg 0.0 0.0 90.0 0.0
img_1508.jpg 0.0 0.0 90.0 0.0
img_1509.jpg 0.0 0.0 90.0 0.0
img_1510.jpg 0.0 0.0 90.0 0.0
img_1511.jpg 0.0 0.0 90.0 0.0
img_1512.jpg 0.0 0.0 90.0 0.0
img_1513.jpg 0.0 0.0 90.0 0.0
img_1514.jpg 0.0 0.0 90.0 0.0
img_1515.jpg 0.0 0.0 90.0 0.0
img_1516.jpg 0.0 0.0 90.0 0.0
img_1517.jpg 0.0 0.0 90.0 0.0
img_1518.jpg 0.0 0.0 90.0 0.0
img_1519.jpg 0.0 0.0 90.0 0.0
img_1520.jpg 0.0 0.0 90.0 0.0
img_1521.jpg 0.0 0.0 90.0 0.0
img_1522.jpg 0.0 0.0 90.0 0.0
img_1523.jpg 0.0 0.0 90.0 0.0
img_1524.jpg 0.0 0.0 90.0 0.0
img_1525.jpg 0.0 21.1417058428 0.0 0.0
img_1526.jpg 0.0 59.7615849563 0.0 0.0
img_1527.jpg 0.0 117.085292142 0.0 0.0
img_1528.jpg 0.0 120.0 0.0 0.0
img_1529.jpg 0.0 120.0 0.0 0.0
img_1530.jpg 0.0 120.0 0.0 0.0
img_1531.jpg 0.0 0.0 90.0 0.0
img_1532.jpg 0.0 0.0 90.0 0.0
img_1533.jpg 0.0 0.0 90.0 0.0
img_1534.jpg 0.0 0.0 90.0 0.0
img_1535.jpg 0.0 0.0 90.0 0.0
img_1536.jpg 0.0 0.0 90.0 0.0
img_1537.jpg 0.0 0.0 90.0 0.0
img_1538.jpg 0.0 0.0 90.0 0.0
img_1539.jpg 0.0 0.0 90.0 0.0
img_1540.jpg 0.0 0.0 90.0 0.0
img_1541.jpg 0.0 21.6286098052 0.0 0.0
img_1542.jpg 0.0 110.768972465 0.0 0.0
img_1543.jpg 0.0 117.327065144 0.0 0.0
img_1544.jpg 0.0 120.0 0.0 0.0
img_1545.jpg 0.0 120.0 0.0 0.0
img_1546.jpg 0.0 120.0 0.0 0.0
img_1547.jpg 0.0 120.0 0.0 0.0
img_1548.jpg 0.0 120.0 0.0 0.0
img_1549.jpg 0.0 120.0 0.0 0.0
img_1550.jpg 0.0 120.0 0.0 0.0
img_1551.jpg 0.0 120.0 0.0 0.0
img_1552.jpg 0.0 0.0 -90.0 0.0
img_1553.jpg 0.0 0.0 -90.0 0.0
img_1554.jpg 0.0 0.0 -90.0 0.0
img_1555.jpg 0.0 0.0 -90.0 0.0
img_1556.jpg 0.0 0.0 -90.0 0.0
img_1557.jpg 0.0 0.0 -90.0 0.0
img_1558.jpg 0.0 0.0 -90.0 0.0
img_1559.jpg 0.0 0.0 -90.0 0.0
img_1560.jpg 0.0 0.0 -90.0 0.0
img_1561.jpg 0.0 0.0 -90.0 0.0
img_1562.jpg 0.0 0.0 -90.0 0.0
img_1563.jpg 0.0 0.0 -90.0 0.0
img_1564.jpg 0.0 -116.319463087 -90.0 0.0
img_1565.jpg 0.0 -119.995973154 -90.0 0.0
img_1566.jpg 0.0 -119.995973154 -90.0 0.0
img_1567.jpg 0.0 -119.995973154 -90.0 0.0
img_1568.jpg 0.0 -119.995973154 -90.0 0.0
img_1569.jpg 0.0 -119.995973154 -90.0 0.0
img_1570.jpg 0.0 -119.995973154 -90.0 0.0
img_1571.jpg 0.0 -119.995973154 -90.0 0.0
img_1572.jpg 0.0 -119.995973154 -90.0 0.0
img_1573.jpg 0.0 0.0 -90.0 0.0
img_1574.jpg 10.5578613281 0.0 0.0 0.0
img_1575.jpg 16.2084960938 0.0 0.0 0.0
img_1576.jpg 16.9519042969 0.0 0.0 0.0
img_1577.jpg 17.1008300781 0.0 0.0 0.0
img_1578.jpg 17.2497558594 0.0 0.0 0.0
img_1579.jpg 17.5476074219 0.0 0.0 0.0
img_1580.jpg 19.9267578125 0.0 0.0 0.0
img_1581.jpg 25.1306152344 0.0 0.0 0.0
img_1582.jpg 30.6323242188 0.0 0.0 0.0
img_1583.jpg 31.0791015625 0.0 0.0 0.0
img_1584.jpg 31.2268066406 0.0 0.0 0.0
img_1585.jpg 31.2268066406 0.0 0.0 0.0
img_1586.jpg 31.0791015625 0.0 0.0 0.0
img_1587.jpg 0.0 45.1880456682 0.0 0.0
img_1588.jpg 0.0 108.824714574 0.0 0.0
img_1589.jpg 0.0 117.813969107 0.0 0.0
img_1590.jpg 0.0 120.0 0.0 0.0
img_1591.jpg 0.0 120.0 0.0 0.0
img_1592.jpg 0.0 120.0 0.0 0.0
img_1593.jpg 0.0 61.4607118872 0.0 0.0
img_1594.jpg -3.00659179688 0.0 0.0 0.0
img_1595.jpg -8.74633789062 0.0 0.0 0.0
img_1596.jpg -10.2954101562 0.0 0.0 0.0
img_1597.jpg -11.2976074219 0.0 0.0 0.0
img_1598.jpg -11.8444824219 0.0 0.0 0.0
img_1599.jpg -12.8466796875 0.0 0.0 0.0
img_1600.jpg -15.3979492188 0.0 0.0 0.0
img_1601.jpg -16.1267089844 0.0 0.0 0.0
img_1602.jpg -16.4904785156 0.0 0.0 0.0
img_1603.jpg -17.0373535156 0.0 0.0 0.0
img_1604.jpg -23.2336425781 0.0 0.0 0.0
img_1605.jpg -23.5070800781 0.0 0.0 0.0
img_1606.jpg -23.5070800781 0.0 0.0 0.0
img_1607.jpg -23.5070800781 0.0 0.0 0.0
img_1608.jpg -23.4155273438 0.0 0.0 0.0
img_1609.jpg 0.0 0.0 90.0 0.0
img_1610.jpg 0.0 0.0 90.0 0.0
img_1611.jpg 0.0 0.0 90.0 0.0
img_1612.jpg 0.0 0.0 90.0 0.0
img_1613.jpg 0.0 0.0 90.0 0.0
img_1614.jpg 0.0 0.0 90.0 0.0
img_1615.jpg 0.0 0.0 90.0 0.0
img_1616.jpg -18.1311035156 0.0 0.0 0.0
img_1617.jpg -25.3283691406 -46.4375838926 0.0 0.0
img_1618.jpg -24.599609375 -82.2966442953 0.0 0.0
img_1619.jpg -9.56665039062 -68.0456375839 0.0 0.0
img_1620.jpg -7.744140625 0.0 0.0 0.0
img_1621.jpg -25.146484375 0.0 0.0 0.0
img_1622.jpg -27.4243164062 0.0 0.0 0.0
img_1623.jpg -27.333984375 0.0 0.0 0.0
img_1624.jpg -27.333984375 0.0 0.0 0.0
img_1625.jpg -27.333984375 0.0 0.0 0.0
img_1626.jpg -29.9755859375 0.0 0.0 0.0
img_1627.jpg -35.7153320312 0.0 0.0 0.0
img_1628.jpg -37.2644042969 0.0 0.0 0.0
img_1629.jpg -37.3559570312 0.0 0.0 0.0
img_1630.jpg 32.119140625 0.0 0.0 0.0
img_1631.jpg 37.4731445312 0.0 0.0 0.0
img_1632.jpg 37.0263671875 0.0 0.0 0.0
img_1633.jpg 26.6174316406 0.0 0.0 0.0
img_1634.jpg -10.2038574219 0.0 0.0 0.0
img_1635.jpg -10.7507324219 0.0 0.0 0.0
img_1636.jpg -10.9326171875 0.0 0.0 0.0
img_1637.jpg -10.9326171875 0.0 0.0 0.0
img_1638.jpg -11.0241699219 0.0 0.0 0.0
img_1639.jpg -12.2998046875 0.0 0.0 0.0
img_1640.jpg -18.1311035156 0.0 0.0 0.0
img_1641.jpg -18.1311035156 0.0 0.0 0.0
img_1642.jpg -18.1311035156 0.0 0.0 0.0
img_1643.jpg -18.1311035156 0.0 0.0 0.0
img_1644.jpg -18.0395507812 0.0 0.0 0.0
img_1645.jpg -17.4926757812 0.0 0.0 0.0
img_1646.jpg -14.8510742188 0.0 0.0 0.0
img_1647.jpg -14.8510742188 0.0 0.0 0.0
img_1648.jpg -14.8510742188 0.0 0.0 0.0
img_1649.jpg -14.8510742188 0.0 0.0 0.0
img_1650.jpg 0.0 53.4452652787 0.0 0.0
img_1651.jpg 0.0 120.0 0.0 0.0
img_1652.jpg 0.0 120.0 0.0 0.0
img_1653.jpg 0.0 120.0 0.0 0.0
img_1654.jpg 0.0 120.0 0.0 0.0
img_1655.jpg 0.0 120.0 0.0 0.0
img_1656.jpg 0.0 99.5970449966 0.0 0.0
img_1657.jpg 0.0 10.2115513768 0.0 0.0
img_1658.jpg 0.0 0.0 -90.0 0.0
img_1659.jpg 0.0 0.0 -90.0 0.0
img_1660.jpg 0.0 0.0 -90.0 0.0
img_1661.jpg 0.0 0.0 -90.0 0.0
img_1662.jpg 0.0 0.0 -90.0 0.0
img_1663.jpg 0.0 0.0 -90.0 0.0
img_1664.jpg 0.0 0.0 -90.0 0.0
img_1665.jpg 0.0 0.0 -90.0 0.0
img_1666.jpg 0.0 -49.655033557 -90.0 0.0
img_1667.jpg 0.0 -119.995973154 -90.0 0.0
img_1668.jpg 0.0 -119.995973154 -90.0 0.0
img_1669.jpg 0.0 -119.995973154 -90.0 0.0
img_1670.jpg 0.0 -119.995973154 -90.0 0.0
img_1671.jpg 0.0 -119.995973154 -90.0 0.0
img_1672.jpg 0.0 -119.995973154 -90.0 0.0
img_1673.jpg 0.0 0.0 -90.0 0.0
img_1674.jpg 0.0 0.0 -90.0 0.0
img_1675.jpg 0.0 0.0 90.0 0.0
img_1676.jpg 0.0 0.0 90.0 0.0
img_1677.jpg 0.0 0.0 90.0 0.0
img_1678.jpg 0.0 0.0 90.0 0.0
img_1679.jpg 0.0 0.0 90.0 0.0
img_1680.jpg 0.0 0.0 90.0 0.0
img_1681.jpg 7.43530273438 0.0 0.0 0.0
img_1682.jpg 11.1535644531 0.0 0.0 0.0
img_1683.jpg 11.4501953125 0.0 0.0 0.0
img_1684.jpg 11.4501953125 0.0 0.0 0.0
img_1685.jpg 11.5991210938 0.0 0.0 0.0
img_1686.jpg 17.2497558594 0.0 0.0 0.0
img_1687.jpg 34.2016601562 0.0 0.0 0.0
img_1688.jpg 35.8374023438 0.0 0.0 0.0
img_1689.jpg 36.1340332031 0.0 0.0 0.0
img_1690.jpg 36.1340332031 0.0 0.0 0.0
img_1691.jpg 36.1340332031 0.0 0.0 0.0
img_1692.jpg 36.4318847656 0.0 0.0 0.0
img_1693.jpg 36.8774414062 0.0 0.0 0.0
img_1694.jpg 9.51782226562 0.0 0.0 0.0
img_1695.jpg 29.443359375 0.0 0.0 0.0
img_1696.jpg 29.2944335938 0.0 0.0 0.0
img_1697.jpg 0.0 39.358629953 0.0 0.0
img_1698.jpg 0.0 108.34116857 0.0 0.0
img_1699.jpg 0.0 120.0 0.0 0.0
img_1700.jpg 0.0 120.0 0.0 0.0
img_1701.jpg 0.0 120.0 0.0 0.0
img_1702.jpg 0.0 120.0 0.0 0.0
img_1703.jpg 0.0 120.0 0.0 0.0
img_1704.jpg 0.0 120.0 0.0 0.0
img_1705.jpg 0.0 109.069845534 0.0 0.0
img_1706.jpg 0.0 0.0 -90.0 0.0
img_1707.jpg 0.0 0.0 -90.0 0.0
img_1708.jpg 0.0 0.0 -90.0 0.0
img_1709.jpg 0.0 0.0 -90.0 0.0
img_1710.jpg 0.0 0.0 -90.0 0.0
img_1711.jpg 0.0 0.0 -90.0 0.0
img_1712.jpg 0.0 0.0 -90.0 0.0
img_1713.jpg 0.0 0.0 -90.0 0.0
img_1714.jpg 0.0 0.0 -90.0 0.0
img_1715.jpg 0.0 0.0 90.0 0.0
img_1716.jpg 0.0 0.0 90.0 0.0
img_1717.jpg 0.0 0.0 90.0 0.0
img_1718.jpg 0.0 0.0 90.0 0.0
img_1719.jpg 0.0 0.0 90.0 0.0
img_1720.jpg 0.0 0.0 90.0 0.0
img_1721.jpg 0.0 0.0 90.0 0.0
img_1722.jpg 0.0 0.0 90.0 0.0
img_1723.jpg 8.02978515625 0.0 0.0 0.0
img_1724.jpg 9.66552734375 0.0 0.0 0.0
img_1725.jpg 10.1123046875 0.0 0.0 0.0
img_1726.jpg 11.8969726562 0.0 0.0 0.0
img_1727.jpg 16.5063476562 0.0 0.0 0.0
img_1728.jpg 31.5246582031 0.0 0.0 0.0
img_1729.jpg 33.9038085938 0.0 0.0 0.0
img_1730.jpg 34.052734375 0.0 0.0 0.0
img_1731.jpg 34.052734375 0.0 0.0 0.0
img_1732.jpg 34.052734375 0.0 0.0 0.0
img_1733.jpg 34.052734375 0.0 0.0 0.0
img_1734.jpg -8.38134765625 0.0 0.0 0.0
img_1735.jpg -17.7661132812 0.0 0.0 0.0
img_1736.jpg -19.2248535156 0.0 0.0 0.0
img_1737.jpg -19.2248535156 0.0 0.0 0.0
img_1738.jpg -19.2248535156 0.0 0.0 0.0
img_1739.jpg -19.2248535156 0.0 0.0 0.0
img_1740.jpg -19.2248535156 0.0 0.0 0.0
img_1741.jpg -19.2248535156 0.0 0.0 0.0
img_1742.jpg -19.2248535156 0.0 0.0 0.0
img_1743.jpg -19.2248535156 0.0 0.0 0.0
img_1744.jpg -19.1333007812 0.0 0.0 0.0
img_1745.jpg 0.0 86.7226326394 0.0 0.0
img_1746.jpg 0.0 120.0 0.0 0.0
img_1747.jpg 0.0 120.0 0.0 0.0
img_1748.jpg 0.0 120.0 0.0 0.0
img_1749.jpg 0.0 120.0 0.0 0.0
img_1750.jpg 0.0 94.0094022834 0.0 0.0
img_1751.jpg 0.0 0.0 -90.0 0.0
img_1752.jpg 0.0 0.0 -90.0 0.0
img_1753.jpg 0.0 0.0 -90.0 0.0
img_1754.jpg 0.0 0.0 -90.0 0.0
img_1755.jpg 0.0 0.0 -90.0 0.0
img_1756.jpg 0.0 0.0 -90.0 0.0
img_1757.jpg 0.0 0.0 -90.0 0.0
img_1758.jpg 0.0 0.0 -90.0 0.0
img_1759.jpg 0.0 0.0 -90.0 0.0
img_1760.jpg 0.0 0.0 -90.0 0.0
img_1761.jpg -9.29321289062 0.0 0.0 0.0
img_1762.jpg -10.9326171875 0.0 0.0 0.0
img_1763.jpg -12.2082519531 0.0 0.0 0.0
img_1764.jpg -14.3957519531 0.0 0.0 0.0
img_1765.jpg -15.9448242188 0.0 0.0 0.0
img_1766.jpg -19.2248535156 0.0 0.0 0.0
img_1767.jpg -23.4155273438 0.0 0.0 0.0
img_1768.jpg -23.5070800781 0.0 0.0 0.0
img_1769.jpg -23.5070800781 0.0 0.0 0.0
img_1770.jpg -23.4155273438 0.0 0.0 0.0
img_1771.jpg 0.0 0.0 90.0 0.0
img_1772.jpg 0.0 0.0 90.0 0.0
img_1773.jpg 0.0 0.0 90.0 0.0
img_1774.jpg 0.0 0.0 90.0 0.0
img_1775.jpg 0.0 0.0 90.0 0.0
img_1776.jpg 0.0 0.0 90.0 0.0
img_1777.jpg 0.0 0.0 90.0 0.0
img_1778.jpg 0.0 0.0 90.0 0.0
img_1779.jpg 0.0 0.0 90.0 0.0
img_1780.jpg 0.0 0.0 90.0 0.0
img_1781.jpg 0.0 28.6702484889 0.0 0.0
img_1782.jpg 0.0 120.0 0.0 0.0
img_1783.jpg 0.0 120.0 0.0 0.0
img_1784.jpg 0.0 120.0 0.0 0.0
img_1785.jpg 0.0 120.0 0.0 0.0
img_1786.jpg 0.0 120.0 0.0 0.0
img_1787.jpg 0.0 120.0 0.0 0.0
img_1788.jpg 0.0 120.0 0.0 0.0
img_1789.jpg 0.0 120.0 0.0 0.0
img_1790.jpg 0.0 120.0 0.0 0.0
img_1791.jpg 0.0 120.0 0.0 0.0
img_1792.jpg 0.0 120.0 0.0 0.0
img_1793.jpg 0.0 86.4808596373 0.0 0.0
img_1794.jpg 0.0 0.0 90.0 0.0
img_1795.jpg 0.0 0.0 90.0 0.0
img_1796.jpg 0.0 0.0 90.0 0.0
img_1797.jpg 0.0 0.0 90.0 0.0
img_1798.jpg 0.0 0.0 90.0 0.0
img_1799.jpg 0.0 0.0 90.0 0.0
img_1800.jpg 0.0 0.0 90.0 0.0
img_1801.jpg 0.0 0.0 90.0 0.0
img_1802.jpg 0.0 0.0 90.0 0.0
img_1803.jpg 0.0 0.0 90.0 0.0
img_1804.jpg 8.32763671875 0.0 0.0 0.0
img_1805.jpg 21.8591308594 0.0 0.0 0.0
img_1806.jpg 33.9038085938 0.0 0.0 0.0
img_1807.jpg 35.5395507812 0.0 0.0 0.0
img_1808.jpg 35.5395507812 0.0 0.0 0.0
img_1809.jpg 35.6884765625 0.0 0.0 0.0
img_1810.jpg 35.5395507812 0.0 0.0 0.0
img_1811.jpg -4.09912109375 0.0 0.0 0.0
img_1812.jpg -7.01538085938 0.0 0.0 0.0
img_1813.jpg -7.65258789062 0.0 0.0 0.0
img_1814.jpg -8.017578125 0.0 0.0 0.0
img_1815.jpg -8.19946289062 0.0 0.0 0.0
img_1816.jpg -10.0219726562 0.0 0.0 0.0
img_1817.jpg -11.9348144531 0.0 0.0 0.0
img_1818.jpg -12.2998046875 0.0 0.0 0.0
img_1819.jpg -12.2998046875 0.0 0.0 0.0
img_1820.jpg -12.2998046875 0.0 0.0 0.0
img_1821.jpg -12.3913574219 0.0 0.0 0.0
img_1822.jpg -12.2998046875 0.0 0.0 0.0
img_1823.jpg -12.4816894531 0.0 0.0 0.0
img_1824.jpg -12.6635742188 0.0 0.0 0.0
img_1825.jpg -15.6713867188 0.0 0.0 0.0
img_1826.jpg -17.3107910156 0.0 0.0 0.0
img_1827.jpg -17.40234375 0.0 0.0 0.0
img_1828.jpg -17.40234375 0.0 0.0 0.0
img_1829.jpg -17.5842285156 0.0 0.0 0.0
img_1830.jpg -17.8576660156 0.0 0.0 0.0
img_1831.jpg -16.30859375 0.0 0.0 0.0
img_1832.jpg -14.3041992188 0.0 0.0 0.0
img_1833.jpg -14.3041992188 0.0 0.0 0.0
img_1834.jpg -14.3041992188 0.0 0.0 0.0
img_1835.jpg -14.6691894531 0.0 0.0 0.0
img_1836.jpg -15.8532714844 0.0 0.0 0.0
img_1837.jpg -15.8532714844 0.0 0.0 0.0
img_1838.jpg -7.10571289062 0.0 0.0 0.0
img_1839.jpg 0.0 92.0651443922 0.0 0.0
img_1840.jpg 0.0 120.0 0.0 0.0
img_1841.jpg 0.0 120.0 0.0 0.0
img_1842.jpg 0.0 120.0 0.0 0.0
img_1843.jpg 0.0 120.0 0.0 0.0
img_1844.jpg 0.0 120.0 0.0 0.0
img_1845.jpg 0.0 120.0 0.0 0.0
img_1846.jpg 0.0 120.0 0.0 0.0
img_1847.jpg 0.0 120.0 0.0 0.0
img_1848.jpg 0.0 120.0 0.0 0.0
img_1849.jpg 0.0 120.0 0.0 0.0
img_1850.jpg 0.0 18.4687709872 0.0 0.0
img_1851.jpg 0.0 68.2639355272 0.0 0.0
img_1852.jpg 0.0 79.1940899933 0.0 0.0
img_1853.jpg 0.0 79.1940899933 0.0 0.0
img_1854.jpg 0.0 78.7071860309 -90.0 0.0
img_1855.jpg 0.0 78.7071860309 -90.0 0.0
img_1856.jpg 0.0 66.319677636 -90.0 0.0
img_1857.jpg 0.0 53.6903962391 -90.0 0.0
img_1858.jpg 0.0 34.9865681666 -90.0 0.0
img_1859.jpg 0.0 0.0 -90.0 0.0
img_1860.jpg 0.0 0.0 -90.0 0.0
img_1861.jpg 0.0 0.0 -90.0 0.0
img_1862.jpg 0.0 0.0 -90.0 0.0
img_1863.jpg 0.0 0.0 -90.0 0.0
img_1864.jpg 0.0 0.0 -90.0 0.0
img_1865.jpg 0.0 0.0 -90.0 0.0
img_1866.jpg 0.0 0.0 -90.0 0.0
img_1867.jpg 0.0 0.0 -90.0 0.0
img_1868.jpg 0.0 0.0 -90.0 0.0
img_1869.jpg 0.0 0.0 -90.0 0.0
img_1870.jpg 0.0 -119.995973154 -90.0 0.0
img_1871.jpg 0.0 -119.995973154 -90.0 0.0
img_1872.jpg 0.0 -119.995973154 -90.0 0.0
img_1873.jpg 0.0 -119.995973154 -90.0 0.0
img_1874.jpg 0.0 -119.995973154 -90.0 0.0
img_1875.jpg 0.0 -119.995973154 -90.0 0.0
img_1876.jpg 0.0 -119.995973154 -90.0 0.0
img_1877.jpg 0.0 -119.995973154 -90.0 0.0
img_1878.jpg 0.0 -119.995973154 -90.0 0.0
img_1879.jpg 0.0 -119.995973154 -90.0 0.0
img_1880.jpg 0.0 -119.995973154 -90.0 0.0
img_1881.jpg 0.0 -119.995973154 -90.0 0.0
img_1882.jpg 0.0 0.0 -90.0 0.0
img_1883.jpg 0.0 0.0 90.0 0.0
img_1884.jpg 0.0 0.0 90.0 0.0
img_1885.jpg 0.0 0.0 90.0 0.0
img_1886.jpg 0.0 0.0 90.0 0.0
img_1887.jpg 0.0 0.0 90.0 0.0
img_1888.jpg 0.0 0.0 90.0 0.0
img_1889.jpg 0.0 0.0 90.0 0.0
img_1890.jpg 0.0 0.0 90.0 0.0
img_1891.jpg 0.0 0.0 90.0 0.0
img_1892.jpg 0.0 0.0 90.0 0.0
img_1893.jpg 0.0 0.0 90.0 0.0
img_1894.jpg 0.0 35.4734721289 0.0 0.0
img_1895.jpg 0.0 35.715245131 0.0 0.0
img_1896.jpg 0.0 35.715245131 0.0 0.0
img_1897.jpg 0.0 40.8159838818 0.0 0.0
img_1898.jpg 0.0 69.963062458 0.0 0.0
img_1899.jpg 0.0 85.7521826729 0.0 0.0
img_1900.jpg 0.0 100.809267965 0.0 0.0
img_1901.jpg 0.0 108.34116857 0.0 0.0
img_1902.jpg 0.0 108.824714574 0.0 0.0
img_1903.jpg 0.0 108.824714574 0.0 0.0
img_1904.jpg 0.0 108.824714574 0.0 0.0
img_1905.jpg 0.0 109.069845534 0.0 0.0
img_1906.jpg 0.0 108.824714574 0.0 0.0
img_1907.jpg 0.0 108.824714574 0.0 0.0
img_1908.jpg 0.0 108.824714574 0.0 0.0
img_1909.jpg 0.0 108.582941572 0.0 0.0
img_1910.jpg 13.3837890625 0.0 0.0 0.0
img_1911.jpg 16.0595703125 0.0 0.0 0.0
img_1912.jpg 16.0595703125 0.0 0.0 0.0
img_1913.jpg 16.2084960938 0.0 0.0 0.0
img_1914.jpg 16.8029785156 0.0 0.0 0.0
img_1915.jpg 17.8442382812 0.0 0.0 0.0
img_1916.jpg 23.0493164062 0.0 0.0 0.0
img_1917.jpg 31.0791015625 0.0 0.0 0.0
img_1918.jpg 32.4169921875 0.0 0.0 0.0
img_1919.jpg 33.0114746094 0.0 0.0 0.0
img_1920.jpg 33.0114746094 0.0 0.0 0.0
img_1921.jpg 32.8625488281 0.0 0.0 0.0
img_1922.jpg 7.88208007812 0.0 0.0 0.0
img_1923.jpg 0.0 -13.7919463087 0.0 0.0
img_1924.jpg 0.0 -119.995973154 0.0 0.0
img_1925.jpg 0.0 -119.995973154 0.0 0.0
img_1926.jpg 0.0 -119.995973154 0.0 0.0
img_1927.jpg 0.0 -119.995973154 0.0 0.0
img_1928.jpg 0.0 -119.995973154 0.0 0.0
img_1929.jpg 0.0 -119.995973154 0.0 0.0
img_1930.jpg 0.0 0.0 90.0 0.0
img_1931.jpg 0.0 0.0 90.0 0.0
img_1932.jpg 0.0 0.0 90.0 0.0
img_1933.jpg 0.0 0.0 90.0 0.0
img_1934.jpg 0.0 0.0 90.0 0.0
img_1935.jpg 0.0 0.0 90.0 0.0
img_1936.jpg 0.0 0.0 90.0 0.0
img_1937.jpg 0.0 119.75486904 0.0 0.0
img_1938.jpg 0.0 120.0 0.0 0.0
img_1939.jpg 0.0 120.0 0.0 0.0
img_1940.jpg 0.0 120.0 0.0 0.0
img_1941.jpg 0.0 120.0 0.0 0.0
img_1942.jpg 0.0 120.0 0.0 0.0
img_1943.jpg 0.0 120.0 0.0 0.0
img_1944.jpg 0.0 120.0 0.0 0.0
img_1945.jpg 0.0 120.0 0.0 0.0
img_1946.jpg 0.0 120.0 0.0 0.0
img_1947.jpg 0.0 120.0 0.0 0.0
img_1948.jpg 0.0 41.3028878442 0.0 0.0
img_1949.jpg -15.21484375 0.0 0.0 0.0
img_1950.jpg -24.873046875 0.0 0.0 0.0
img_1951.jpg -25.3283691406 0.0 0.0 0.0
img_1952.jpg -25.3283691406 0.0 0.0 0.0
img_1953.jpg -25.3283691406 0.0 0.0 0.0
img_1954.jpg -25.2380371094 0.0 0.0 0.0
img_1955.jpg 0.0 70.6917394224 0.0 0.0
img_1956.jpg 0.0 112.468099396 0.0 0.0
img_1957.jpg 0.0 120.0 0.0 0.0
img_1958.jpg 0.0 120.0 0.0 0.0
img_1959.jpg 0.0 120.0 0.0 0.0
img_1960.jpg 0.0 120.0 0.0 0.0
img_1961.jpg 0.0 120.0 0.0 0.0
img_1962.jpg 0.0 120.0 0.0 0.0
img_1963.jpg 0.0 120.0 0.0 0.0
img_1964.jpg 0.0 120.0 0.0 0.0
img_1965.jpg 0.0 53.2034922767 -90.0 0.0
img_1966.jpg 0.0 0.0 -90.0 0.0
img_1967.jpg 0.0 0.0 -90.0 0.0
img_1968.jpg 0.0 0.0 -90.0 0.0
img_1969.jpg 0.0 0.0 -90.0 0.0
img_1970.jpg 0.0 0.0 -90.0 0.0
img_1971.jpg 0.0 0.0 -90.0 0.0
img_1972.jpg 0.0 0.0 -90.0 0.0
img_1973.jpg 0.0 0.0 -90.0 0.0
img_1974.jpg 0.0 -18.3906040268 -90.0 0.0
img_1975.jpg 0.0 -119.995973154 -90.0 0.0
img_1976.jpg 0.0 -119.995973154 -90.0 0.0
img_1977.jpg 0.0 -119.995973154 -90.0 0.0
img_1978.jpg 0.0 -119.995973154 -90.0 0.0
img_1979.jpg 0.0 -119.995973154 -90.0 0.0
img_1980.jpg 0.0 -119.995973154 -90.0 0.0
img_1981.jpg 0.0 -119.995973154 -90.0 0.0
img_1982.jpg 0.0 -119.995973154 -90.0 0.0
img_1983.jpg 0.0 -97.9288590604 0.0 0.0
img_1984.jpg 0.0 -119.995973154 0.0 0.0
img_1985.jpg 0.0 -119.995973154 0.0 0.0
img_1986.jpg 0.0 -119.995973154 0.0 0.0
img_1987.jpg 0.0 -119.995973154 0.0 0.0
img_1988.jpg 0.0 -119.995973154 0.0 0.0
img_1989.jpg 0.0 -60.688590604 0.0 0.0
img_1990.jpg 0.0 0.0 90.0 0.0
img_1991.jpg 0.0 0.0 90.0 0.0
img_1992.jpg 0.0 0.0 90.0 0.0
img_1993.jpg 0.0 0.0 90.0 0.0
img_1994.jpg 0.0 0.0 90.0 0.0
img_1995.jpg 0.0 0.0 90.0 0.0
img_1996.jpg 0.0 0.0 90.0 0.0
img_1997.jpg 0.0 0.0 90.0 0.0
img_1998.jpg 5.35400390625 0.0 0.0 0.0
img_1999.jpg 9.51782226562 0.0 0.0 0.0
img_2000.jpg 9.66552734375 0.0 0.0 0.0
img_2001.jpg 9.51782226562 0.0 0.0 0.0
img_2002.jpg 9.36889648438 0.0 0.0 0.0
img_2003.jpg 9.07104492188 0.0 0.0 0.0
img_2004.jpg 9.21997070312 0.0 0.0 0.0
img_2005.jpg 9.36889648438 0.0 0.0 0.0
img_2006.jpg 10.2612304688 0.0 0.0 0.0
img_2007.jpg 10.5578613281 0.0 0.0 0.0
img_2008.jpg 11.5991210938 0.0 0.0 0.0
img_2009.jpg 12.3425292969 0.0 0.0 0.0
img_2010.jpg 13.8293457031 0.0 0.0 0.0
img_2011.jpg 13.8293457031 0.0 0.0 0.0
img_2012.jpg 13.9782714844 0.0 0.0 0.0
img_2013.jpg 16.8029785156 0.0 0.0 0.0
img_2014.jpg 19.1833496094 0.0 0.0 0.0
img_2015.jpg 23.9416503906 0.0 0.0 0.0
img_2016.jpg 24.23828125 0.0 0.0 0.0
img_2017.jpg 2.82592773438 0.0 0.0 0.0
img_2018.jpg 0.0 41.7864338482 0.0 0.0
img_2019.jpg 0.0 120.0 0.0 0.0
img_2020.jpg 0.0 120.0 0.0 0.0
img_2021.jpg 0.0 120.0 0.0 0.0
img_2022.jpg 0.0 120.0 0.0 0.0
img_2023.jpg 0.0 120.0 0.0 0.0
img_2024.jpg 0.0 120.0 0.0 0.0
img_2025.jpg 0.0 53.6903962391 0.0 0.0
img_2026.jpg 6.8408203125 0.0 0.0 0.0
img_2027.jpg 34.6472167969 0.0 0.0 0.0
img_2028.jpg 38.8110351562 0.0 0.0 0.0
img_2029.jpg 38.5131835938 0.0 0.0 0.0
img_2030.jpg 16.6552734375 0.0 0.0 0.0
img_2031.jpg 36.5808105469 0.0 0.0 0.0
img_2032.jpg 40.0 0.0 0.0 0.0
img_2033.jpg 40.0 0.0 0.0 0.0
img_2034.jpg 5.205078125 0.0 0.0 0.0
img_2035.jpg 40.0 0.0 0.0 0.0
img_2036.jpg 40.0 0.0 0.0 0.0
img_2037.jpg 40.0 0.0 0.0 0.0
img_2038.jpg 40.0 0.0 0.0 0.0
img_2039.jpg -16.6735839844 0.0 0.0 0.0
img_2040.jpg -31.7980957031 0.0 0.0 0.0
img_2041.jpg -35.8984375 0.0 0.0 0.0
img_2042.jpg -36.2622070312 0.0 0.0 0.0
img_2043.jpg -36.2622070312 0.0 0.0 0.0
img_2044.jpg 2.97485351562 0.0 0.0 0.0
img_2045.jpg 34.3505859375 0.0 0.0 0.0
img_2046.jpg 40.0 0.0 0.0 0.0
img_2047.jpg 3.5693359375 0.0 0.0 0.0
img_2048.jpg 0.0 75.7924781733 0.0 0.0
img_2049.jpg 0.0 120.0 0.0 0.0
img_2050.jpg 0.0 120.0 0.0 0.0
img_2051.jpg 0.0 120.0 0.0 0.0
img_2052.jpg 0.0 120.0 0.0 0.0
img_2053.jpg 0.0 120.0 0.0 0.0
img_2054.jpg 0.0 120.0 0.0 0.0
img_2055.jpg 0.0 120.0 0.0 0.0
img_2056.jpg 0.0 120.0 0.0 0.0
img_2057.jpg 0.0 120.0 0.0 0.0
img_2058.jpg 0.0 0.0 -90.0 0.0
img_2059.jpg 0.0 0.0 -90.0 0.0
img_2060.jpg 0.0 0.0 -90.0 0.0
img_2061.jpg 0.0 0.0 -90.0 0.0
img_2062.jpg 0.0 0.0 -90.0 0.0
img_2063.jpg 0.0 0.0 -90.0 0.0
img_2064.jpg 0.0 0.0 -90.0 0.0
img_2065.jpg 0.0 0.0 -90.0 0.0
img_2066.jpg 0.0 0.0 90.0 0.0
img_2067.jpg 0.0 0.0 90.0 0.0
img_2068.jpg 0.0 0.0 90.0 0.0
img_2069.jpg 0.0 0.0 90.0 0.0
img_2070.jpg 0.0 0.0 90.0 0.0
img_2071.jpg 0.0 0.0 90.0 0.0
img_2072.jpg 0.0 0.0 90.0 0.0
img_2073.jpg 0.0 0.0 90.0 0.0
img_2074.jpg 0.0 -30.3463087248 0.0 0.0
img_2075.jpg 0.0 -119.995973154 0.0 0.0
img_2076.jpg 0.0 -119.995973154 0.0 0.0
img_2077.jpg 0.0 -119.995973154 0.0 0.0
img_2078.jpg 0.0 -119.995973154 0.0 0.0
img_2079.jpg 0.0 -94.2523489933 0.0 0.0
img_2080.jpg -10.1135253906 0.0 0.0 0.0
img_2081.jpg -17.67578125 0.0 0.0 0.0
img_2082.jpg -19.4067382812 0.0 0.0 0.0
img_2083.jpg -19.4067382812 0.0 0.0 0.0
img_2084.jpg -19.4970703125 0.0 0.0 0.0
img_2085.jpg -19.4970703125 0.0 0.0 0.0
img_2086.jpg -19.5886230469 0.0 0.0 0.0
img_2087.jpg -19.5886230469 0.0 0.0 0.0
img_2088.jpg -19.4970703125 0.0 0.0 0.0
img_2089.jpg -19.4970703125 0.0 0.0 0.0
img_2090.jpg -19.6801757812 0.0 0.0 0.0
img_2091.jpg -19.6801757812 0.0 0.0 0.0
img_2092.jpg -19.6801757812 0.0 0.0 0.0
img_2093.jpg -19.6801757812 0.0 0.0 0.0
img_2094.jpg 0.0 91.0946944258 0.0 0.0
img_2095.jpg 0.0 120.0 0.0 0.0
img_2096.jpg 0.0 120.0 0.0 0.0
img_2097.jpg 0.0 120.0 0.0 0.0
img_2098.jpg 0.0 120.0 0.0 0.0
img_2099.jpg 0.0 120.0 0.0 0.0
img_2100.jpg 0.0 120.0 0.0 0.0
img_2101.jpg 0.0 120.0 0.0 0.0
img_2102.jpg 0.0 120.0 0.0 0.0
img_2103.jpg 0.0 120.0 0.0 0.0
img_2104.jpg 0.0 117.327065144 -90.0 0.0
img_2105.jpg 0.0 0.0 -90.0 0.0
img_2106.jpg 0.0 0.0 -90.0 0.0
img_2107.jpg 0.0 0.0 -90.0 0.0
img_2108.jpg 0.0 0.0 -90.0 0.0
img_2109.jpg 0.0 0.0 -90.0 0.0
img_2110.jpg 0.0 0.0 -90.0 0.0
img_2111.jpg 0.0 0.0 -90.0 0.0
img_2112.jpg 0.0 0.0 90.0 0.0
img_2113.jpg 0.0 0.0 90.0 0.0
img_2114.jpg 0.0 0.0 90.0 0.0
img_2115.jpg 0.0 0.0 90.0 0.0
img_2116.jpg 0.0 0.0 90.0 0.0
img_2117.jpg 0.0 0.0 90.0 0.0
img_2118.jpg 0.0 0.0 90.0 0.0
img_2119.jpg 0.0 0.0 90.0 0.0
img_2120.jpg 0.0 0.0 90.0 0.0
img_2121.jpg 0.0 0.0 90.0 0.0
img_2122.jpg 0.0 0.0 90.0 0.0
img_2123.jpg 0.0 0.0 90.0 0.0
img_2124.jpg 0.0 0.0 90.0 0.0
img_2125.jpg 0.0 0.0 90.0 0.0
img_2126.jpg 0.0 0.0 90.0 0.0
img_2127.jpg 0.0 22.5990597717 0.0 0.0
img_2128.jpg 0.0 120.0 0.0 0.0
img_2129.jpg 0.0 120.0 0.0 0.0
img_2130.jpg 0.0 120.0 0.0 0.0
img_2131.jpg 0.0 120.0 0.0 0.0
img_2132.jpg 0.0 40.5742108798 0.0 0.0
img_2133.jpg -3.09692382812 0.0 0.0 0.0
img_2134.jpg -15.3063964844 0.0 0.0 0.0
img_2135.jpg -20.8642578125 0.0 0.0 0.0
img_2136.jpg -22.4133300781 0.0 0.0 0.0
img_2137.jpg -23.3239746094 0.0 0.0 0.0
img_2138.jpg -24.599609375 0.0 0.0 0.0
img_2139.jpg -24.873046875 0.0 0.0 0.0
img_2140.jpg -25.0561523438 0.0 0.0 0.0
img_2141.jpg -24.9645996094 0.0 0.0 0.0
img_2142.jpg -17.8576660156 0.0 0.0 0.0
img_2143.jpg 0.0 0.0 90.0 0.0
img_2144.jpg 0.0 0.0 90.0 0.0
img_2145.jpg 0.0 0.0 90.0 0.0
img_2146.jpg 0.0 0.0 90.0 0.0
img_2147.jpg 0.0 0.0 90.0 0.0
img_2148.jpg 0.0 0.0 90.0 0.0
img_2149.jpg 0.0 0.0 90.0 0.0
img_2150.jpg 0.0 17.7400940228 0.0 0.0
img_2151.jpg 0.0 59.5198119543 0.0 0.0
img_2152.jpg 0.0 101.296171927 0.0 0.0
img_2153.jpg 0.0 108.34116857 0.0 0.0
img_2154.jpg 0.0 109.311618536 0.0 0.0
img_2155.jpg 0.0 109.553391538 0.0 0.0
img_2156.jpg 0.0 109.311618536 0.0 0.0
img_2157.jpg 0.0 109.311618536 0.0 0.0
img_2158.jpg 0.0 109.069845534 0.0 0.0
img_2159.jpg 0.0 109.069845534 0.0 0.0
img_2160.jpg 0.0 109.069845534 0.0 0.0
img_2161.jpg 0.0 109.069845534 0.0 0.0
img_2162.jpg 0.0 109.069845534 0.0 0.0
img_2163.jpg 0.0 109.069845534 0.0 0.0
img_2164.jpg 6.39526367188 0.0 0.0 0.0
img_2165.jpg 10.1123046875 0.0 0.0 0.0
img_2166.jpg 10.1123046875 0.0 0.0 0.0
img_2167.jpg 10.1123046875 0.0 0.0 0.0
img_2168.jpg 10.2612304688 0.0 0.0 0.0
img_2169.jpg 12.1936035156 0.0 0.0 0.0
img_2170.jpg 22.900390625 0.0 0.0 0.0
img_2171.jpg 30.4833984375 0.0 0.0 0.0
img_2172.jpg 31.3757324219 0.0 0.0 0.0
img_2173.jpg 31.6735839844 0.0 0.0 0.0
img_2174.jpg 31.6735839844 0.0 0.0 0.0
img_2175.jpg 0.0 0.0 90.0 0.0
img_2176.jpg 0.0 0.0 90.0 0.0
img_2177.jpg 0.0 0.0 90.0 0.0
img_2178.jpg 0.0 0.0 90.0 0.0
img_2179.jpg 0.0 0.0 90.0 0.0
img_2180.jpg 0.0 0.0 90.0 0.0
img_2181.jpg 0.0 0.0 90.0 0.0
img_2182.jpg 0.0 0.0 90.0 0.0
img_2183.jpg 13.0859375 0.0 0.0 0.0
img_2184.jpg 27.8076171875 0.0 0.0 0.0
img_2185.jpg 28.1042480469 0.0 0.0 0.0
img_2186.jpg 22.3059082031 0.0 0.0 0.0
img_2187.jpg 0.0 52.7165883143 0.0 0.0
img_2188.jpg 0.0 120.0 0.0 0.0
img_2189.jpg 0.0 120.0 0.0 0.0
img_2190.jpg 0.0 120.0 0.0 0.0
img_2191.jpg 0.0 120.0 0.0 0.0
img_2192.jpg 0.0 120.0 0.0 0.0
img_2193.jpg 0.0 120.0 0.0 0.0
img_2194.jpg 0.0 120.0 0.0 0.0
img_2195.jpg 0.0 120.0 0.0 0.0
img_2196.jpg 0.0 120.0 0.0 0.0
img_2197.jpg 0.0 120.0 0.0 0.0
img_2198.jpg 0.0 120.0 0.0 0.0
img_2199.jpg 0.0 59.274680994 0.0 0.0
img_2200.jpg 0.0 0.0 -90.0 0.0
img_2201.jpg 0.0 0.0 -90.0 0.0
img_2202.jpg 0.0 0.0 -90.0 0.0
img_2203.jpg 0.0 0.0 -90.0 0.0
img_2204.jpg 0.0 0.0 -90.0 0.0
img_2205.jpg 0.0 0.0 -90.0 0.0
img_2206.jpg 0.0 0.0 -90.0 0.0
img_2207.jpg 0.0 0.0 -90.0 0.0
img_2208.jpg 0.0 0.0 -90.0 0.0
img_2209.jpg 0.0 0.0 -90.0 0.0
img_2210.jpg 0.0 0.0 -90.0 0.0
img_2211.jpg 0.0 0.0 -90.0 0.0
img_2212.jpg 0.0 0.0 -90.0 0.0
img_2213.jpg 0.0 -32.1825503356 -90.0 0.0
img_2214.jpg 0.0 -119.995973154 -90.0 0.0
img_2215.jpg 0.0 -119.995973154 -90.0 0.0
img_2216.jpg 0.0 -119.995973154 -90.0 0.0
img_2217.jpg 0.0 -119.995973154 -90.0 0.0
img_2218.jpg 0.0 -119.995973154 -90.0 0.0
img_2219.jpg 0.0 -119.995973154 -90.0 0.0
img_2220.jpg 0.0 -119.995973154 -90.0 0.0
img_2221.jpg 0.0 -119.995973154 -90.0 0.0
img_2222.jpg 0.0 -119.995973154 -90.0 0.0
img_2223.jpg 0.0 -119.995973154 -90.0 0.0
img_2224.jpg 0.0 0.0 -90.0 0.0
img_2225.jpg 10.7067871094 0.0 0.0 0.0
img_2226.jpg 18.5876464844 0.0 0.0 0.0
img_2227.jpg 18.8854980469 0.0 0.0 0.0
img_2228.jpg 18.8854980469 0.0 0.0 0.0
img_2229.jpg 18.8854980469 0.0 0.0 0.0
img_2230.jpg 19.0344238281 0.0 0.0 0.0
img_2231.jpg 19.0344238281 0.0 0.0 0.0
img_2232.jpg 19.0344238281 0.0 0.0 0.0
img_2233.jpg 19.0344238281 0.0 0.0 0.0
img_2234.jpg 19.62890625 0.0 0.0 0.0
img_2235.jpg 24.3872070312 0.0 0.0 0.0
img_2236.jpg 26.0229492188 0.0 0.0 0.0
img_2237.jpg 26.3208007812 0.0 0.0 0.0
img_2238.jpg 26.3208007812 0.0 0.0 0.0
img_2239.jpg 26.3208007812 0.0 0.0 0.0
img_2240.jpg 26.3208007812 0.0 0.0 0.0
img_2241.jpg 15.3161621094 0.0 0.0 0.0
img_2242.jpg 0.0 70.4499664204 0.0 0.0
img_2243.jpg 0.0 120.0 0.0 0.0
img_2244.jpg 0.0 120.0 0.0 0.0
img_2245.jpg 0.0 120.0 0.0 0.0
img_2246.jpg 0.0 120.0 0.0 0.0
img_2247.jpg 0.0 120.0 0.0 0.0
img_2248.jpg 0.0 120.0 0.0 0.0
img_2249.jpg 0.0 55.1477501679 0.0 0.0
img_2250.jpg 29.443359375 0.0 0.0 0.0
img_2251.jpg 37.6208496094 0.0 0.0 0.0
img_2252.jpg 23.1982421875 0.0 0.0 0.0
img_2253.jpg -14.3041992188 0.0 0.0 0.0
img_2254.jpg -16.4904785156 0.0 0.0 0.0
img_2255.jpg -14.0307617188 0.0 0.0 0.0
img_2256.jpg -8.564453125 0.0 0.0 0.0
img_2257.jpg -16.03515625 0.0 0.0 0.0
img_2258.jpg -16.03515625 0.0 0.0 0.0
img_2259.jpg -13.8488769531 0.0 0.0 0.0
img_2260.jpg -9.20166015625 0.0 0.0 0.0
img_2261.jpg -9.93041992188 0.0 0.0 0.0
img_2262.jpg -24.2358398438 0.0 0.0 0.0
img_2263.jpg -25.419921875 0.0 0.0 0.0
img_2264.jpg -10.0219726562 0.0 0.0 0.0
img_2265.jpg -10.5688476562 0.0 0.0 0.0
img_2266.jpg 0.0 59.5198119543 0.0 0.0
img_2267.jpg 0.0 120.0 0.0 0.0
img_2268.jpg 0.0 120.0 0.0 0.0
img_2269.jpg 0.0 120.0 0.0 0.0
img_2270.jpg 0.0 120.0 0.0 0.0
img_2271.jpg 0.0 120.0 0.0 0.0
img_2272.jpg 0.0 120.0 0.0 0.0
img_2273.jpg 0.0 120.0 0.0 0.0
img_2274.jpg 0.0 120.0 0.0 0.0
img_2275.jpg 0.0 120.0 -90.0 0.0
img_2276.jpg 0.0 0.0 -90.0 0.0
img_2277.jpg 0.0 0.0 -90.0 0.0
img_2278.jpg 0.0 0.0 -90.0 0.0
img_2279.jpg 0.0 0.0 -90.0 0.0
img_2280.jpg 0.0 0.0 -90.0 0.0
img_2281.jpg 0.0 0.0 -90.0 0.0
img_2282.jpg 0.0 0.0 -90.0 0.0
img_2283.jpg 9.36889648438 0.0 0.0 0.0
img_2284.jpg 17.1008300781 0.0 0.0 0.0
img_2285.jpg 15.6140136719 0.0 0.0 0.0
img_2286.jpg 13.3837890625 0.0 0.0 0.0
img_2287.jpg 31.0791015625 0.0 0.0 0.0
img_2288.jpg 31.2268066406 0.0 0.0 0.0
img_2289.jpg 0.0 0.0 90.0 0.0
img_2290.jpg 0.0 0.0 90.0 0.0
img_2291.jpg 0.0 0.0 90.0 0.0
img_2292.jpg 0.0 0.0 90.0 0.0
img_2293.jpg 0.0 0.0 90.0 0.0
img_2294.jpg 0.0 0.0 90.0 0.0
img_2295.jpg 0.0 88.1799865682 0.0 0.0
img_2296.jpg 0.0 120.0 0.0 0.0
img_2297.jpg 0.0 120.0 0.0 0.0
img_2298.jpg 0.0 120.0 0.0 0.0
img_2299.jpg 0.0 120.0 0.0 0.0
img_2300.jpg 0.0 120.0 0.0 0.0
img_2301.jpg 0.0 120.0 0.0 0.0
img_2302.jpg 0.0 120.0 0.0 0.0
img_2303.jpg 0.0 120.0 0.0 0.0
img_2304.jpg 0.0 120.0 0.0 0.0
img_2305.jpg 0.0 120.0 0.0 0.0
img_2306.jpg 0.0 120.0 0.0 0.0
img_2307.jpg 0.0 120.0 0.0 0.0
img_2308.jpg 0.0 120.0 0.0 0.0
img_2309.jpg 0.0 120.0 0.0 0.0
img_2310.jpg 0.0 120.0 0.0 0.0
img_2311.jpg 0.0 120.0 0.0 0.0
img_2312.jpg 0.0 120.0 -90.0 0.0
img_2313.jpg 0.0 108.582941572 -90.0 0.0
img_2314.jpg 0.0 0.0 -90.0 0.0
img_2315.jpg 0.0 0.0 -90.0 0.0
img_2316.jpg 0.0 0.0 -90.0 0.0
img_2317.jpg 0.0 0.0 -90.0 0.0
img_2318.jpg 0.0 0.0 -90.0 0.0
img_2319.jpg 0.0 0.0 -90.0 0.0
img_2320.jpg 0.0 0.0 -90.0 0.0
img_2321.jpg 0.0 0.0 -90.0 0.0
img_2322.jpg 0.0 -119.995973154 -90.0 0.0
img_2323.jpg 0.0 -119.995973154 -90.0 0.0
img_2324.jpg 0.0 -119.995973154 -90.0 0.0
img_2325.jpg 0.0 -119.995973154 -90.0 0.0
img_2326.jpg 0.0 -119.995973154 -90.0 0.0
img_2327.jpg 0.0 -119.995973154 -90.0 0.0
img_2328.jpg 0.0 -119.995973154 -90.0 0.0
img_2329.jpg 0.0 -119.995973154 -90.0 0.0
img_2330.jpg 0.0 -119.995973154 -90.0 0.0
img_2331.jpg 0.0 -119.995973154 -90.0 0.0
img_2332.jpg 0.0 0.0 -90.0 0.0
img_2333.jpg 0.0 0.0 -90.0 0.0
img_2334.jpg 14.423828125 0.0 0.0 0.0
img_2335.jpg 15.9118652344 0.0 0.0 0.0
img_2336.jpg 15.9118652344 0.0 0.0 0.0
img_2337.jpg 15.9118652344 0.0 0.0 0.0
img_2338.jpg 15.9118652344 0.0 0.0 0.0
img_2339.jpg 15.9118652344 0.0 0.0 0.0
img_2340.jpg 16.0595703125 0.0 0.0 0.0
img_2341.jpg 31.3757324219 0.0 0.0 0.0
img_2342.jpg 35.2416992188 0.0 0.0 0.0
img_2343.jpg 35.5395507812 0.0 0.0 0.0
img_2344.jpg 35.390625 0.0 0.0 0.0
img_2345.jpg 0.0 -15.6322147651 0.0 0.0
img_2346.jpg 0.0 -82.755704698 0.0 0.0
img_2347.jpg 0.0 -111.720805369 0.0 0.0
img_2348.jpg 0.0 -116.319463087 0.0 0.0
img_2349.jpg 0.0 -116.319463087 0.0 0.0
img_2350.jpg 0.0 -114.942281879 0.0 0.0
img_2351.jpg 0.0 -114.479194631 0.0 0.0
img_2352.jpg 0.0 -22.5302013423 0.0 0.0
img_2353.jpg 15.6140136719 0.0 0.0 0.0
img_2354.jpg 24.5361328125 0.0 0.0 0.0
img_2355.jpg 27.2119140625 0.0 0.0 0.0
img_2356.jpg 27.509765625 0.0 0.0 0.0
img_2357.jpg 27.509765625 0.0 0.0 0.0
img_2358.jpg 27.8076171875 0.0 0.0 0.0
img_2359.jpg 33.4582519531 0.0 0.0 0.0
img_2360.jpg 39.5544433594 0.0 0.0 0.0
img_2361.jpg 40.0 0.0 0.0 0.0
img_2362.jpg 40.0 0.0 0.0 0.0
img_2363.jpg 40.0 0.0 0.0 0.0
img_2364.jpg 40.0 0.0 0.0 0.0
img_2365.jpg -2.9150390625 0.0 0.0 0.0
img_2366.jpg -11.2060546875 0.0 0.0 0.0
img_2367.jpg -13.4838867188 0.0 0.0 0.0
img_2368.jpg -15.48828125 0.0 0.0 0.0
img_2369.jpg -16.6735839844 0.0 0.0 0.0
img_2370.jpg -16.6735839844 0.0 0.0 0.0
img_2371.jpg -16.6735839844 0.0 0.0 0.0
img_2372.jpg -16.85546875 0.0 0.0 0.0
img_2373.jpg -17.40234375 0.0 0.0 0.0
img_2374.jpg -17.4926757812 0.0 0.0 0.0
img_2375.jpg -17.5842285156 0.0 0.0 0.0
img_2376.jpg -17.5842285156 0.0 0.0 0.0
img_2377.jpg -17.67578125 0.0 0.0 0.0
img_2378.jpg -17.67578125 0.0 0.0 0.0
img_2379.jpg -17.67578125 0.0 0.0 0.0
img_2380.jpg -17.67578125 0.0 0.0 0.0
img_2381.jpg -17.7661132812 0.0 0.0 0.0
img_2382.jpg -17.8576660156 0.0 0.0 0.0
img_2383.jpg -18.0395507812 0.0 0.0 0.0
img_2384.jpg -18.1311035156 0.0 0.0 0.0
img_2385.jpg -18.22265625 0.0 0.0 0.0
img_2386.jpg -18.8598632812 0.0 0.0 0.0
img_2387.jpg -19.4067382812 0.0 0.0 0.0
img_2388.jpg -19.5886230469 0.0 0.0 0.0
img_2389.jpg -19.6801757812 0.0 0.0 0.0
img_2390.jpg -19.6801757812 0.0 0.0 0.0
img_2391.jpg -19.6801757812 0.0 0.0 0.0
img_2392.jpg -19.6801757812 0.0 0.0 0.0
img_2393.jpg -19.6801757812 0.0 0.0 0.0
img_2394.jpg 0.0 42.0315648086 0.0 0.0
img_2395.jpg 0.0 120.0 0.0 0.0
img_2396.jpg 0.0 120.0 0.0 0.0
img_2397.jpg 0.0 120.0 0.0 0.0
img_2398.jpg 0.0 120.0 0.0 0.0
img_2399.jpg 0.0 120.0 0.0 0.0
img_2400.jpg 0.0 120.0 0.0 0.0
img_2401.jpg 0.0 120.0 0.0 0.0
img_2402.jpg 0.0 120.0 0.0 0.0
img_2403.jpg 0.0 120.0 0.0 0.0
img_2404.jpg 0.0 120.0 0.0 0.0
img_2405.jpg 0.0 120.0 0.0 0.0
img_2406.jpg 0.0 0.0 -90.0 0.0
img_2407.jpg 0.0 0.0 -90.0 0.0
img_2408.jpg 0.0 0.0 -90.0 0.0
img_2409.jpg 0.0 0.0 -90.0 0.0
img_2410.jpg 0.0 0.0 -90.0 0.0
img_2411.jpg 0.0 0.0 -90.0 0.0
img_2412.jpg 0.0 0.0 -90.0 0.0
img_2413.jpg 0.0 0.0 -90.0 0.0
img_2414.jpg 0.0 0.0 -90.0 0.0
img_2415.jpg 0.0 66.561450638 0.0 0.0
img_2416.jpg 0.0 120.0 0.0 0.0
img_2417.jpg 0.0 120.0 0.0 0.0
img_2418.jpg 0.0 120.0 0.0 0.0
img_2419.jpg 0.0 120.0 0.0 0.0
img_2420.jpg 0.0 120.0 0.0 0.0
img_2421.jpg 0.0 120.0 0.0 0.0
img_2422.jpg 0.0 120.0 0.0 0.0
img_2423.jpg 0.0 120.0 0.0 0.0
img_2424.jpg 0.0 120.0 0.0 0.0
img_2425.jpg 0.0 120.0 0.0 0.0
img_2426.jpg 12.3425292969 0.0 0.0 0.0
img_2427.jpg 25.4284667969 0.0 0.0 0.0
img_2428.jpg 27.0642089844 0.0 0.0 0.0
img_2429.jpg 27.2119140625 0.0 0.0 0.0
img_2430.jpg 27.2119140625 0.0 0.0 0.0
img_2431.jpg 26.9152832031 0.0 0.0 0.0
img_2432.jpg 2.38037109375 0.0 0.0 0.0
img_2433.jpg 15.01953125 0.0 0.0 0.0
img_2434.jpg 15.1684570312 0.0 0.0 0.0
img_2435.jpg 13.9782714844 0.0 0.0 0.0
img_2436.jpg 34.3505859375 0.0 0.0 0.0
img_2437.jpg 35.5395507812 0.0 0.0 0.0
img_2438.jpg 0.0 19.442578912 0.0 0.0
img_2439.jpg 0.0 120.0 0.0 0.0
img_2440.jpg 0.0 120.0 0.0 0.0
img_2441.jpg 0.0 120.0 0.0 0.0
img_2442.jpg 0.0 120.0 0.0 0.0
img_2443.jpg 0.0 82.5923438549 0.0 0.0
img_2444.jpg 22.3059082031 0.0 0.0 0.0
img_2445.jpg 37.4731445312 0.0 0.0 0.0
img_2446.jpg 0.0 0.0 90.0 0.0
img_2447.jpg 0.0 0.0 90.0 0.0
img_2448.jpg 0.0 0.0 90.0 0.0
img_2449.jpg 0.0 0.0 90.0 0.0
img_2450.jpg 0.0 0.0 90.0 0.0
img_2451.jpg 0.0 0.0 90.0 0.0
img_2452.jpg 0.0 0.0 90.0 0.0
img_2453.jpg 0.0 57.8173270651 0.0 0.0
img_2454.jpg 0.0 120.0 0.0 0.0
img_2455.jpg 0.0 120.0 0.0 0.0
img_2456.jpg 0.0 120.0 0.0 0.0
img_2457.jpg 0.0 120.0 0.0 0.0
img_2458.jpg 0.0 120.0 0.0 0.0
img_2459.jpg 0.0 120.0 0.0 0.0
img_2460.jpg 0.0 120.0 0.0 0.0
img_2461.jpg 22.6025390625 0.0 0.0 0.0
img_2462.jpg 40.0 0.0 0.0 0.0
img_2463.jpg 40.0 0.0 0.0 0.0
img_2464.jpg 40.0 0.0 0.0 0.0
img_2465.jpg 40.0 0.0 0.0 0.0
img_2466.jpg 0.0 0.0 90.0 0.0
img_2467.jpg 0.0 0.0 90.0 0.0
img_2468.jpg 0.0 0.0 90.0 0.0
img_2469.jpg 0.0 0.0 90.0 0.0
img_2470.jpg 0.0 0.0 90.0 0.0
img_2471.jpg 0.0 0.0 90.0 0.0
img_2472.jpg 0.0 0.0 90.0 0.0
img_2473.jpg 0.0 0.0 90.0 0.0
img_2474.jpg 22.900390625 0.0 0.0 0.0
img_2475.jpg 33.0114746094 0.0 0.0 0.0
img_2476.jpg 34.4982910156 0.0 0.0 0.0
img_2477.jpg 35.2416992188 0.0 0.0 0.0
img_2478.jpg 35.2416992188 0.0 0.0 0.0
img_2479.jpg 35.2416992188 0.0 0.0 0.0
img_2480.jpg 35.2416992188 0.0 0.0 0.0
img_2481.jpg 0.0 120.0 0.0 0.0
img_2482.jpg 0.0 120.0 0.0 0.0
img_2483.jpg 0.0 120.0 0.0 0.0
img_2484.jpg 0.0 120.0 0.0 0.0
img_2485.jpg 0.0 120.0 0.0 0.0
img_2486.jpg 0.0 120.0 0.0 0.0
img_2487.jpg 0.0 120.0 0.0 0.0
img_2488.jpg 0.0 120.0 0.0 0.0
img_2489.jpg 0.0 120.0 0.0 0.0
img_2490.jpg 0.0 120.0 0.0 0.0
img_2491.jpg 0.0 120.0 0.0 0.0
img_2492.jpg 0.0 120.0 0.0 0.0
img_2493.jpg 0.0 120.0 0.0 0.0
img_2494.jpg 0.0 0.0 -90.0 0.0
img_2495.jpg 0.0 0.0 -90.0 0.0
img_2496.jpg 0.0 0.0 -90.0 0.0
img_2497.jpg 0.0 0.0 -90.0 0.0
img_2498.jpg 0.0 0.0 -90.0 0.0
img_2499.jpg 0.0 0.0 -90.0 0.0
img_2500.jpg 0.0 0.0 -90.0 0.0
img_2501.jpg 0.0 0.0 -90.0 0.0
img_2502.jpg 0.0 0.0 -90.0 0.0
img_2503.jpg 0.0 -119.995973154 -90.0 0.0
img_2504.jpg 0.0 -119.995973154 -90.0 0.0
img_2505.jpg 0.0 -119.995973154 -90.0 0.0
img_2506.jpg 0.0 -119.995973154 -90.0 0.0
img_2507.jpg 0.0 -119.995973154 -90.0 0.0
img_2508.jpg 0.0 -119.995973154 -90.0 0.0
img_2509.jpg 0.0 -119.995973154 -90.0 0.0
img_2510.jpg 0.0 -119.995973154 -90.0 0.0
img_2511.jpg 0.0 -119.995973154 -90.0 0.0
img_2512.jpg 0.0 -119.995973154 -90.0 0.0
img_2513.jpg 0.0 -119.995973154 -90.0 0.0
img_2514.jpg 0.0 0.0 -90.0 0.0
img_2515.jpg 0.0 0.0 -90.0 0.0
img_2516.jpg 0.0 0.0 90.0 0.0
img_2517.jpg 0.0 0.0 90.0 0.0
img_2518.jpg 0.0 0.0 90.0 0.0
img_2519.jpg 0.0 0.0 90.0 0.0
img_2520.jpg 0.0 0.0 90.0 0.0
img_2521.jpg 0.0 0.0 90.0 0.0
img_2522.jpg 0.0 0.0 90.0 0.0
img_2523.jpg 0.0 0.0 90.0 0.0
img_2524.jpg 0.0 0.0 90.0 0.0
img_2525.jpg 0.0 0.0 90.0 0.0
img_2526.jpg 0.0 17.2565480188 0.0 0.0
img_2527.jpg 0.0 120.0 0.0 0.0
img_2528.jpg 0.0 120.0 0.0 0.0
img_2529.jpg 0.0 120.0 0.0 0.0
img_2530.jpg 0.0 120.0 0.0 0.0
img_2531.jpg 0.0 120.0 0.0 0.0
img_2532.jpg 0.0 120.0 0.0 0.0
img_2533.jpg 0.0 120.0 0.0 0.0
img_2534.jpg 0.0 120.0 0.0 0.0
img_2535.jpg 0.0 0.0 -90.0 0.0
img_2536.jpg 0.0 0.0 -90.0 0.0
img_2537.jpg 0.0 0.0 -90.0 0.0
img_2538.jpg 0.0 0.0 -90.0 0.0
img_2539.jpg 0.0 0.0 -90.0 0.0
img_2540.jpg 0.0 0.0 -90.0 0.0
img_2541.jpg 0.0 0.0 -90.0 0.0
img_2542.jpg 0.0 0.0 -90.0 0.0
img_2543.jpg 0.0 0.0 -90.0 0.0
img_2544.jpg 0.0 0.0 -90.0 0.0
img_2545.jpg 0.0 0.0 -90.0 0.0
img_2546.jpg 0.0 0.0 -90.0 0.0
img_2547.jpg 0.0 0.0 -90.0 0.0
img_2548.jpg 0.0 0.0 -90.0 0.0
img_2549.jpg 0.0 0.0 -90.0 0.0
img_2550.jpg 0.0 0.0 -90.0 0.0
img_2551.jpg 0.0 0.0 -90.0 0.0
img_2552.jpg 0.0 0.0 -90.0 0.0
img_2553.jpg 0.0 0.0 -90.0 0.0
img_2554.jpg 0.0 0.0 -90.0 0.0
img_2555.jpg 0.0 0.0 -90.0 0.0
img_2556.jpg 0.0 0.0 -90.0 0.0
img_2557.jpg 0.0 0.0 -90.0 0.0
img_2558.jpg 0.0 0.0 -90.0 0.0
img_2559.jpg 0.0 0.0 -90.0 0.0
img_2560.jpg 0.0 -68.5046979866 -90.0 0.0
img_2561.jpg 0.0 -119.995973154 -90.0 0.0
img_2562.jpg 0.0 -119.995973154 -90.0 0.0
img_2563.jpg 0.0 -119.995973154 -90.0 0.0
img_2564.jpg 0.0 -119.995973154 -90.0 0.0
img_2565.jpg 0.0 -119.995973154 -90.0 0.0
img_2566.jpg 0.0 -119.995973154 -90.0 0.0
img_2567.jpg 0.0 -119.995973154 -90.0 0.0
img_2568.jpg 0.0 -119.995973154 -90.0 0.0
img_2569.jpg 0.0 -119.995973154 -90.0 0.0
img_2570.jpg 0.0 -119.995973154 -90.0 0.0
img_2571.jpg 0.0 -119.995973154 -90.0 0.0
img_2572.jpg 0.0 -119.995973154 -90.0 0.0
img_2573.jpg 0.0 -119.995973154 -90.0 0.0
img_2574.jpg 0.0 -10.1154362416 0.0 0.0
img_2575.jpg 0.0 -81.8375838926 0.0 0.0
img_2576.jpg 0.0 -81.3785234899 0.0 0.0
img_2577.jpg 0.0 -81.8375838926 0.0 0.0
img_2578.jpg 0.0 -88.2724832215 0.0 0.0
img_2579.jpg 0.0 -119.995973154 0.0 0.0
img_2580.jpg 0.0 -119.995973154 0.0 0.0
img_2581.jpg 0.0 -119.995973154 0.0 0.0
img_2582.jpg 0.0 -119.995973154 0.0 0.0
img_2583.jpg 0.0 -119.995973154 0.0 0.0
img_2584.jpg -3.37036132812 0.0 0.0 0.0
img_2585.jpg -26.0583496094 0.0 0.0 0.0
img_2586.jpg -37.4475097656 0.0 0.0 0.0
img_2587.jpg -39.9987792969 0.0 0.0 0.0
img_2588.jpg -39.9987792969 0.0 0.0 0.0
img_2589.jpg -39.9096679688 0.0 0.0 0.0
img_2590.jpg -39.9096679688 0.0 0.0 0.0
img_2591.jpg -39.9096679688 0.0 0.0 0.0
img_2592.jpg -39.8205566406 0.0 0.0 0.0
img_2593.jpg -17.1923828125 0.0 0.0 0.0
img_2594.jpg 0.0 0.0 90.0 0.0
img_2595.jpg 0.0 0.0 90.0 0.0
img_2596.jpg 0.0 0.0 90.0 0.0
img_2597.jpg 0.0 0.0 90.0 0.0
img_2598.jpg 0.0 0.0 90.0 0.0
img_2599.jpg 0.0 0.0 90.0 0.0
img_2600.jpg 0.0 0.0 90.0 0.0
img_2601.jpg 0.0 0.0 90.0 0.0
img_2602.jpg 0.0 0.0 90.0 0.0
img_2603.jpg 0.0 0.0 90.0 0.0
img_2604.jpg 0.0 0.0 90.0 0.0
img_2605.jpg 0.0 0.0 90.0 0.0
img_2606.jpg 0.0 0.0 90.0 0.0
img_2607.jpg 0.0 0.0 90.0 0.0
img_2608.jpg 34.052734375 0.0 0.0 0.0
img_2609.jpg 40.0 0.0 0.0 0.0
img_2610.jpg 40.0 0.0 0.0 0.0
img_2611.jpg 0.0 73.364674278 0.0 0.0
img_2612.jpg 0.0 120.0 0.0 0.0
img_2613.jpg 0.0 120.0 0.0 0.0
img_2614.jpg 0.0 120.0 0.0 0.0
img_2615.jpg 0.0 120.0 0.0 0.0
img_2616.jpg 0.0 120.0 0.0 0.0
img_2617.jpg 0.0 120.0 0.0 0.0
img_2618.jpg 0.0 120.0 0.0 0.0
img_2619.jpg 0.0 120.0 0.0 0.0
img_2620.jpg 0.0 120.0 0.0 0.0
img_2621.jpg 0.0 120.0 0.0 0.0
img_2622.jpg 0.0 116.840161182 0.0 0.0
img_2623.jpg 0.0 0.0 -90.0 0.0
img_2624.jpg 0.0 0.0 -90.0 0.0
img_2625.jpg 0.0 0.0 -90.0 0.0
img_2626.jpg 0.0 0.0 -90.0 0.0
img_2627.jpg 0.0 0.0 -90.0 0.0
img_2628.jpg 0.0 0.0 -90.0 0.0
img_2629.jpg 0.0 0.0 -90.0 0.0
img_2630.jpg 0.0 0.0 -90.0 0.0
img_2631.jpg 9.814453125 0.0 0.0 0.0
img_2632.jpg 16.9519042969 0.0 0.0 0.0
img_2633.jpg 17.9931640625 0.0 0.0 0.0
img_2634.jpg 19.1833496094 0.0 0.0 0.0
img_2635.jpg 20.8178710938 0.0 0.0 0.0
img_2636.jpg 22.900390625 0.0 0.0 0.0
img_2637.jpg 23.9416503906 0.0 0.0 0.0
img_2638.jpg 24.8327636719 0.0 0.0 0.0
img_2639.jpg 31.6735839844 0.0 0.0 0.0
img_2640.jpg 39.7033691406 0.0 0.0 0.0
img_2641.jpg 40.0 0.0 0.0 0.0
img_2642.jpg 40.0 0.0 0.0 0.0
img_2643.jpg 40.0 0.0 0.0 0.0
img_2644.jpg 40.0 0.0 0.0 0.0
img_2645.jpg 40.0 0.0 0.0 0.0
img_2646.jpg 13.8293457031 0.0 0.0 0.0
img_2647.jpg 17.1008300781 0.0 0.0 0.0
img_2648.jpg 17.2497558594 0.0 0.0 0.0
img_2649.jpg 17.2497558594 0.0 0.0 0.0
img_2650.jpg 17.2497558594 0.0 0.0 0.0
img_2651.jpg 17.2497558594 0.0 0.0 0.0
img_2652.jpg 17.2497558594 0.0 0.0 0.0
img_2653.jpg 18.4387207031 0.0 0.0 0.0
img_2654.jpg 29.5922851562 0.0 0.0 0.0
img_2655.jpg 32.2680664062 0.0 0.0 0.0
img_2656.jpg 32.4169921875 0.0 0.0 0.0
img_2657.jpg 32.4169921875 0.0 0.0 0.0
img_2658.jpg 32.4169921875 0.0 0.0 0.0
img_2659.jpg 32.4169921875 0.0 0.0 0.0
img_2660.jpg 40.0 0.0 0.0 0.0
img_2661.jpg 40.0 0.0 0.0 0.0
img_2662.jpg 0.0 120.0 0.0 0.0
img_2663.jpg 0.0 120.0 0.0 0.0
img_2664.jpg 0.0 120.0 0.0 0.0
img_2665.jpg 0.0 120.0 0.0 0.0
img_2666.jpg 0.0 120.0 0.0 0.0
img_2667.jpg 0.0 120.0 0.0 0.0
img_2668.jpg 0.0 61.2189388852 0.0 0.0
img_2669.jpg 0.0 0.0 -90.0 0.0
img_2670.jpg 0.0 0.0 -90.0 0.0
img_2671.jpg 0.0 0.0 -90.0 0.0
img_2672.jpg 0.0 0.0 -90.0 0.0
img_2673.jpg 0.0 0.0 -90.0 0.0
img_2674.jpg 0.0 0.0 -90.0 0.0
img_2675.jpg 0.0 0.0 -90.0 0.0
img_2676.jpg 0.0 0.0 -90.0 0.0
img_2677.jpg 0.0 0.0 -90.0 0.0
img_2678.jpg 0.0 0.0 -90.0 0.0
img_2679.jpg 0.0 0.0 -90.0 0.0
img_2680.jpg 0.0 0.0 -90.0 0.0
img_2681.jpg 0.0 0.0 -90.0 0.0
img_2682.jpg 0.0 -61.6067114094 -90.0 0.0
img_2683.jpg 0.0 -119.995973154 -90.0 0.0
img_2684.jpg 0.0 -119.995973154 -90.0 0.0
img_2685.jpg 0.0 -119.995973154 -90.0 0.0
img_2686.jpg 0.0 -119.995973154 -90.0 0.0
img_2687.jpg 0.0 -119.995973154 -90.0 0.0
img_2688.jpg 0.0 -119.995973154 -90.0 0.0
img_2689.jpg 0.0 -119.995973154 -90.0 0.0
img_2690.jpg 0.0 -119.995973154 -90.0 0.0
img_2691.jpg 0.0 -119.995973154 -90.0 0.0
img_2692.jpg 0.0 -119.995973154 -90.0 0.0
img_2693.jpg 0.0 0.0 -90.0 0.0
img_2694.jpg 0.0 0.0 -90.0 0.0
img_2695.jpg 0.0 0.0 -90.0 0.0
img_2696.jpg 0.0 0.0 -90.0 0.0
img_2697.jpg 0.0 0.0 -90.0 0.0
img_2698.jpg 0.0 0.0 -90.0 0.0
img_2699.jpg 0.0 0.0 -90.0 0.0
img_2700.jpg -6.9482421875 0.0 -90.0 0.0
img_2701.jpg -26.9030761719 0.0 -90.0 0.0
img_2702.jpg -38.9294433594 0.0 -90.0 0.0
img_2703.jpg -39.9987792969 0.0 -90.0 0.0
img_2704.jpg -39.9987792969 0.0 -90.0 0.0
img_2705.jpg -39.9987792969 0.0 -90.0 0.0
img_2706.jpg -39.9987792969 0.0 -90.0 0.0
img_2707.jpg -39.9987792969 0.0 -90.0 0.0
img_2708.jpg -39.9987792969 0.0 -90.0 0.0
img_2709.jpg -39.9987792969 0.0 -90.0 0.0
img_2710.jpg -39.9987792969 0.0 -90.0 0.0
img_2711.jpg -39.9987792969 0.0 -90.0 0.0
img_2712.jpg -14.9670410156 0.0 -90.0 0.0
img_2713.jpg 0.0 0.0 -90.0 0.0
img_2714.jpg 0.0 0.0 -90.0 0.0
img_2715.jpg 0.0 0.0 -90.0 0.0
img_2716.jpg 0.0 0.0 -90.0 0.0
img_2717.jpg 0.0 0.0 -90.0 0.0
img_2718.jpg 0.0 0.0 -90.0 0.0
img_2719.jpg 0.0 -57.0120805369 -90.0 0.0
img_2720.jpg 0.0 -119.995973154 -90.0 0.0
img_2721.jpg 0.0 -119.995973154 -90.0 0.0
img_2722.jpg 0.0 -119.995973154 -90.0 0.0
img_2723.jpg 0.0 -119.995973154 -90.0 0.0
img_2724.jpg 0.0 -119.995973154 -90.0 0.0
img_2725.jpg 0.0 -119.995973154 -90.0 0.0
img_2726.jpg 0.0 0.0 -90.0 0.0
img_2727.jpg 0.0 0.0 -90.0 0.0
img_2728.jpg 0.0 0.0 -90.0 0.0
img_2729.jpg 0.0 0.0 -90.0 0.0
img_2730.jpg 28.5510253906 0.0 0.0 0.0
img_2731.jpg 38.2165527344 0.0 0.0 0.0
img_2732.jpg 38.2165527344 0.0 0.0 0.0
img_2733.jpg 9.96337890625 0.0 0.0 0.0
img_2734.jpg 12.7893066406 0.0 0.0 0.0
img_2735.jpg 12.7893066406 0.0 0.0 0.0
img_2736.jpg 27.8076171875 0.0 0.0 0.0
img_2737.jpg 38.0676269531 0.0 0.0 0.0
img_2738.jpg 0.0 0.0 -90.0 0.0
img_2739.jpg 0.0 0.0 -90.0 0.0
img_2740.jpg 0.0 0.0 -90.0 0.0
img_2741.jpg 0.0 0.0 -90.0 0.0
img_2742.jpg 0.0 0.0 -90.0 0.0
img_2743.jpg 0.0 0.0 -90.0 0.0
img_2744.jpg 0.0 0.0 90.0 0.0
img_2745.jpg 0.0 0.0 90.0 0.0
img_2746.jpg 0.0 0.0 90.0 0.0
img_2747.jpg 0.0 0.0 90.0 0.0
img_2748.jpg 0.0 0.0 90.0 0.0
img_2749.jpg 0.0 0.0 90.0 0.0
img_2750.jpg 0.0 0.0 90.0 0.0
img_2751.jpg 0.0 0.0 90.0 0.0
img_2752.jpg 0.0 0.0 90.0 0.0
img_2753.jpg 0.0 107.854264607 0.0 0.0
img_2754.jpg 0.0 120.0 0.0 0.0
img_2755.jpg 0.0 120.0 0.0 0.0
img_2756.jpg 0.0 120.0 0.0 0.0
img_2757.jpg 0.0 120.0 0.0 0.0
img_2758.jpg 0.0 120.0 0.0 0.0
img_2759.jpg 0.0 120.0 0.0 0.0
img_2760.jpg 0.0 120.0 0.0 0.0
img_2761.jpg 0.0 120.0 0.0 0.0
img_2762.jpg 0.0 120.0 0.0 0.0
img_2763.jpg 0.0 120.0 0.0 0.0
img_2764.jpg 0.0 0.0 -90.0 0.0
img_2765.jpg 0.0 0.0 -90.0 0.0
img_2766.jpg 0.0 0.0 -90.0 0.0
img_2767.jpg 0.0 0.0 -90.0 0.0
img_2768.jpg 0.0 0.0 -90.0 0.0
img_2769.jpg 0.0 0.0 -90.0 0.0
img_2770.jpg 0.0 0.0 -90.0 0.0
img_2771.jpg 0.0 0.0 -90.0 0.0
img_2772.jpg 8.4765625 0.0 0.0 0.0
img_2773.jpg 23.4948730469 0.0 0.0 0.0
img_2774.jpg 29.443359375 0.0 0.0 0.0
img_2775.jpg 31.2268066406 0.0 0.0 0.0
img_2776.jpg 31.6735839844 0.0 0.0 0.0
img_2777.jpg 31.6735839844 0.0 0.0 0.0
img_2778.jpg 31.6735839844 0.0 0.0 0.0
img_2779.jpg 31.6735839844 0.0 0.0 0.0
img_2780.jpg 31.6735839844 0.0 0.0 0.0
img_2781.jpg 31.6735839844 0.0 0.0 0.0
img_2782.jpg 31.6735839844 0.0 0.0 0.0
img_2783.jpg 31.6735839844 0.0 0.0 0.0
img_2784.jpg 31.6735839844 0.0 0.0 0.0
img_2785.jpg 31.6735839844 0.0 0.0 0.0
img_2786.jpg 31.6735839844 0.0 0.0 0.0
img_2787.jpg 31.6735839844 0.0 0.0 0.0
img_2788.jpg 31.6735839844 0.0 0.0 0.0
img_2789.jpg 31.3757324219 0.0 0.0 0.0
img_2790.jpg -2.62084960938 -97.010738255 0.0 0.0
img_2791.jpg -3.38134765625 -119.995973154 0.0 0.0
img_2792.jpg -3.29711914062 -119.995973154 0.0 0.0
img_2793.jpg -3.12866210938 -119.995973154 0.0 0.0
img_2794.jpg -3.04321289062 -119.995973154 0.0 0.0
img_2795.jpg -2.87475585938 -119.995973154 0.0 0.0
img_2796.jpg -2.62084960938 -119.995973154 0.0 0.0
img_2797.jpg -2.705078125 -119.995973154 0.0 0.0
img_2798.jpg -2.705078125 -119.995973154 0.0 0.0
img_2799.jpg -2.705078125 -119.995973154 0.0 0.0
img_2800.jpg -2.705078125 -119.995973154 0.0 0.0
img_2801.jpg -2.705078125 -119.995973154 0.0 0.0
img_2802.jpg -2.705078125 -119.995973154 0.0 0.0
img_2803.jpg 0.0 -119.995973154 0.0 0.0
img_2804.jpg 0.0 0.0 90.0 0.0
img_2805.jpg 0.0 0.0 90.0 0.0
img_2806.jpg 0.0 0.0 90.0 0.0
img_2807.jpg 0.0 0.0 90.0 0.0
img_2808.jpg 0.0 0.0 90.0 0.0
img_2809.jpg 0.0 0.0 90.0 0.0
img_2810.jpg 0.0 0.0 90.0 0.0
img_2811.jpg 0.0 0.0 90.0 0.0
img_2812.jpg 0.0 0.0 90.0 0.0
img_2813.jpg 0.0 0.0 90.0 0.0
img_2814.jpg 21.4135742188 0.0 0.0 0.0
img_2815.jpg 30.9301757812 0.0 0.0 0.0
img_2816.jpg 31.0791015625 0.0 0.0 0.0
img_2817.jpg 31.0791015625 0.0 0.0 0.0
img_2818.jpg 31.0791015625 0.0 0.0 0.0
img_2819.jpg 21.1157226562 0.0 0.0 0.0
img_2820.jpg 3.8671875 0.0 0.0 0.0
img_2821.jpg 26.4685058594 0.0 0.0 0.0
img_2822.jpg 33.4582519531 0.0 0.0 0.0
img_2823.jpg 33.7548828125 0.0 0.0 0.0
img_2824.jpg 33.7548828125 0.0 0.0 0.0
img_2825.jpg 33.7548828125 0.0 0.0 0.0
img_2826.jpg 33.7548828125 0.0 0.0 0.0
img_2827.jpg 18.8854980469 0.0 0.0 0.0
img_2828.jpg 0.0 0.0 90.0 0.0
img_2829.jpg 0.0 0.0 90.0 0.0
img_2830.jpg 0.0 0.0 90.0 0.0
img_2831.jpg 0.0 0.0 90.0 0.0
img_2832.jpg 0.0 0.0 90.0 0.0
img_2833.jpg 0.0 0.0 90.0 0.0
img_2834.jpg 0.0 0.0 90.0 0.0
img_2835.jpg 0.0 18.2269979852 0.0 0.0
img_2836.jpg 0.0 120.0 0.0 0.0
img_2837.jpg 0.0 120.0 0.0 0.0
img_2838.jpg 0.0 120.0 0.0 0.0
img_2839.jpg 0.0 120.0 0.0 0.0
img_2840.jpg 0.0 120.0 0.0 0.0
img_2841.jpg 0.0 120.0 0.0 0.0
img_2842.jpg 0.0 120.0 0.0 0.0
img_2843.jpg 0.0 115.869711216 -90.0 0.0
img_2844.jpg 0.0 0.0 -90.0 0.0
img_2845.jpg 0.0 0.0 -90.0 0.0
img_2846.jpg 0.0 0.0 -90.0 0.0
img_2847.jpg 0.0 0.0 -90.0 0.0
img_2848.jpg 0.0 0.0 -90.0 0.0
img_2849.jpg 0.0 0.0 -90.0 0.0
img_2850.jpg 0.0 0.0 -90.0 0.0
img_2851.jpg 0.0 0.0 -90.0 0.0
img_2852.jpg 0.0 0.0 -90.0 0.0
img_2853.jpg -3.212890625 0.0 0.0 0.0
img_2854.jpg -13.3605957031 0.0 0.0 0.0
img_2855.jpg -14.62890625 0.0 0.0 0.0
img_2856.jpg -15.7287597656 0.0 0.0 0.0
img_2857.jpg -16.5734863281 0.0 0.0 0.0
img_2858.jpg -18.1811523438 0.0 0.0 0.0
img_2859.jpg -19.0258789062 0.0 0.0 0.0
img_2860.jpg -22.7465820312 0.0 0.0 0.0
img_2861.jpg -23.1701660156 0.0 0.0 0.0
img_2862.jpg -23.1701660156 0.0 0.0 0.0
img_2863.jpg -20.6335449219 0.0 0.0 0.0
img_2864.jpg 0.0 0.0 90.0 0.0
img_2865.jpg 0.0 0.0 90.0 0.0
img_2866.jpg 0.0 0.0 90.0 0.0
img_2867.jpg 0.0 0.0 90.0 0.0
img_2868.jpg 0.0 0.0 90.0 0.0
img_2869.jpg 0.0 0.0 90.0 0.0
img_2870.jpg 0.0 0.0 90.0 0.0
img_2871.jpg 0.0 0.0 90.0 0.0
img_2872.jpg 0.0 0.0 90.0 0.0
img_2873.jpg 0.0 21.1417058428 0.0 0.0
img_2874.jpg 0.0 120.0 0.0 0.0
img_2875.jpg 0.0 120.0 0.0 0.0
img_2876.jpg 0.0 120.0 0.0 0.0
img_2877.jpg 0.0 120.0 0.0 0.0
img_2878.jpg 0.0 120.0 0.0 0.0
img_2879.jpg 0.0 120.0 0.0 0.0
img_2880.jpg 0.0 120.0 0.0 0.0
img_2881.jpg 0.0 120.0 0.0 0.0
img_2882.jpg 0.0 120.0 0.0 0.0
img_2883.jpg 0.0 120.0 0.0 0.0
img_2884.jpg 0.0 120.0 0.0 0.0
img_2885.jpg 0.0 0.0 -90.0 0.0
img_2886.jpg 0.0 0.0 -90.0 0.0
img_2887.jpg 0.0 0.0 -90.0 0.0
img_2888.jpg 0.0 0.0 -90.0 0.0
img_2889.jpg 0.0 0.0 -90.0 0.0
img_2890.jpg 0.0 0.0 -90.0 0.0
img_2891.jpg 0.0 0.0 -90.0 0.0
img_2892.jpg 0.0 0.0 -90.0 0.0
img_2893.jpg 0.0 0.0 -90.0 0.0
img_2894.jpg 15.01953125 0.0 0.0 0.0
img_2895.jpg 40.0 0.0 0.0 0.0
img_2896.jpg 40.0 0.0 0.0 0.0
img_2897.jpg 40.0 0.0 0.0 0.0
img_2898.jpg 40.0 0.0 0.0 0.0
img_2899.jpg 40.0 0.0 0.0 0.0
img_2900.jpg 40.0 0.0 0.0 0.0
img_2901.jpg 40.0 0.0 0.0 0.0
img_2902.jpg 40.0 0.0 0.0 0.0
img_2903.jpg 0.0 32.8005372733 0.0 0.0
img_2904.jpg 0.0 100.080591001 0.0 0.0
img_2905.jpg 0.0 120.0 0.0 0.0
img_2906.jpg 0.0 120.0 0.0 0.0
img_2907.jpg 0.0 120.0 0.0 0.0
img_2908.jpg 0.0 120.0 0.0 0.0
img_2909.jpg 0.0 120.0 0.0 0.0
img_2910.jpg 0.0 120.0 0.0 0.0
img_2911.jpg 0.0 120.0 0.0 0.0
img_2912.jpg 0.0 120.0 0.0 0.0
img_2913.jpg 0.0 120.0 0.0 0.0
img_2914.jpg 0.0 0.0 -90.0 0.0
img_2915.jpg 0.0 0.0 -90.0 0.0
img_2916.jpg 0.0 0.0 -90.0 0.0
img_2917.jpg 0.0 0.0 -90.0 0.0
img_2918.jpg 0.0 0.0 -90.0 0.0
img_2919.jpg 0.0 0.0 -90.0 0.0
img_2920.jpg 0.0 0.0 -90.0 0.0
img_2921.jpg 0.0 0.0 -90.0 0.0
img_2922.jpg 0.0 -84.7208053691 -90.0 0.0
img_2923.jpg 0.0 -119.995973154 -90.0 0.0
img_2924.jpg 0.0 -119.995973154 -90.0 0.0
img_2925.jpg 0.0 -119.995973154 -90.0 0.0
img_2926.jpg 0.0 -119.995973154 -90.0 0.0
img_2927.jpg 0.0 -119.995973154 -90.0 0.0
img_2928.jpg 0.0 -119.995973154 -90.0 0.0
img_2929.jpg 0.0 -119.995973154 -90.0 0.0
img_2930.jpg 0.0 -119.995973154 -90.0 0.0
img_2931.jpg 0.0 -119.995973154 -90.0 0.0
img_2932.jpg 0.0 -119.995973154 -90.0 0.0
img_2933.jpg 0.0 -119.995973154 -90.0 0.0
img_2934.jpg 0.0 -119.995973154 -90.0 0.0
img_2935.jpg 0.0 -119.995973154 -90.0 0.0
img_2936.jpg 0.0 0.0 -90.0 0.0
img_2937.jpg 27.0642089844 0.0 0.0 0.0
img_2938.jpg 30.6323242188 0.0 0.0 0.0
img_2939.jpg 30.6323242188 0.0 0.0 0.0
img_2940.jpg 30.4833984375 0.0 0.0 0.0
img_2941.jpg 30.4833984375 0.0 0.0 0.0
img_2942.jpg 0.0 89.395567495 0.0 0.0
img_2943.jpg 0.0 120.0 0.0 0.0
img_2944.jpg 0.0 120.0 0.0 0.0
img_2945.jpg 0.0 120.0 0.0 0.0
img_2946.jpg 0.0 120.0 0.0 0.0
img_2947.jpg 0.0 120.0 0.0 0.0
img_2948.jpg 0.0 120.0 0.0 0.0
img_2949.jpg 0.0 0.0 -90.0 0.0
img_2950.jpg 0.0 0.0 -90.0 0.0
img_2951.jpg 0.0 0.0 -90.0 0.0
img_2952.jpg 0.0 0.0 -90.0 0.0
img_2953.jpg 0.0 0.0 -90.0 0.0
img_2954.jpg 0.0 0.0 -90.0 0.0
img_2955.jpg 0.0 0.0 -90.0 0.0
img_2956.jpg 0.0 0.0 -90.0 0.0
img_2957.jpg 0.0 0.0 -90.0 0.0
img_2958.jpg 0.0 0.0 -90.0 0.0
img_2959.jpg 0.0 0.0 -90.0 0.0
img_2960.jpg 0.0 0.0 90.0 0.0
img_2961.jpg 0.0 0.0 90.0 0.0
img_2962.jpg 0.0 0.0 90.0 0.0
img_2963.jpg 0.0 0.0 90.0 0.0
img_2964.jpg 0.0 0.0 90.0 0.0
img_2965.jpg 0.0 0.0 90.0 0.0
img_2966.jpg 0.0 0.0 90.0 0.0
img_2967.jpg 0.0 0.0 90.0 0.0
img_2968.jpg 0.0 0.0 90.0 0.0
img_2969.jpg 0.0 0.0 90.0 0.0
img_2970.jpg 0.0 0.0 90.0 0.0
img_2971.jpg 0.0 93.038952317 0.0 0.0
img_2972.jpg 0.0 120.0 0.0 0.0
img_2973.jpg 0.0 120.0 0.0 0.0
img_2974.jpg 0.0 120.0 0.0 0.0
img_2975.jpg 0.0 120.0 0.0 0.0
img_2976.jpg 0.0 120.0 -90.0 0.0
img_2977.jpg 0.0 61.2189388852 -90.0 0.0
img_2978.jpg 0.0 0.0 -90.0 0.0
img_2979.jpg 0.0 0.0 -90.0 0.0
img_2980.jpg 0.0 0.0 -90.0 0.0
img_2981.jpg 0.0 0.0 -90.0 0.0
img_2982.jpg 0.0 0.0 -90.0 0.0
img_2983.jpg 0.0 0.0 -90.0 0.0
img_2984.jpg 0.0 0.0 -90.0 0.0
img_2985.jpg 0.0 0.0 -90.0 0.0
img_2986.jpg 0.0 -89.2993288591 -90.0 0.0
img_2987.jpg 0.0 -119.995973154 -90.0 0.0
img_2988.jpg 0.0 -119.995973154 -90.0 0.0
img_2989.jpg 0.0 -119.995973154 -90.0 0.0
img_2990.jpg 0.0 -119.995973154 -90.0 0.0
img_2991.jpg 0.0 -119.995973154 -90.0 0.0
img_2992.jpg 0.0 -119.995973154 -90.0 0.0
img_2993.jpg 0.0 -119.995973154 -90.0 0.0
img_2994.jpg 0.0 -119.995973154 -90.0 0.0
img_2995.jpg 0.0 -119.995973154 -90.0 0.0
img_2996.jpg 0.0 -119.995973154 -90.0 0.0
img_2997.jpg 0.0 -119.995973154 -90.0 0.0
img_2998.jpg 0.0 -119.995973154 -90.0 0.0
img_2999.jpg 0.0 -119.995973154 -90.0 0.0
img_3000.jpg 0.0 -119.995973154 -90.0 0.0
img_3001.jpg 13.0859375 0.0 0.0 0.0
img_3002.jpg 28.6999511719 0.0 0.0 0.0
img_3003.jpg 32.4169921875 0.0 0.0 0.0
img_3004.jpg 32.4169921875 0.0 0.0 0.0
img_3005.jpg 32.4169921875 0.0 0.0 0.0
img_3006.jpg 32.4169921875 0.0 0.0 0.0
img_3007.jpg 32.4169921875 0.0 0.0 0.0
img_3008.jpg 32.2680664062 0.0 0.0 0.0
img_3009.jpg 0.0 36.2021490934 0.0 0.0
img_3010.jpg 0.0 114.412357287 0.0 0.0
img_3011.jpg 0.0 114.170584285 0.0 0.0
img_3012.jpg 0.0 67.7770315648 0.0 0.0
img_3013.jpg -6.93359375 0.0 0.0 0.0
img_3014.jpg -7.1875 0.0 0.0 0.0
img_3015.jpg -7.1875 0.0 0.0 0.0
img_3016.jpg -7.01782226562 0.0 0.0 0.0
img_3017.jpg -7.01782226562 0.0 0.0 0.0
img_3018.jpg -13.6145019531 0.0 0.0 0.0
img_3019.jpg -16.7431640625 0.0 0.0 0.0
img_3020.jpg -16.7431640625 0.0 0.0 0.0
img_3021.jpg -16.7431640625 0.0 0.0 0.0
img_3022.jpg -16.7431640625 0.0 0.0 0.0
img_3023.jpg -16.7431640625 0.0 0.0 0.0
img_3024.jpg -16.7431640625 0.0 0.0 0.0
img_3025.jpg 0.0 18.2269979852 0.0 0.0
img_3026.jpg 0.0 115.141034251 0.0 0.0
img_3027.jpg 0.0 120.0 0.0 0.0
img_3028.jpg 0.0 120.0 0.0 0.0
img_3029.jpg 0.0 120.0 0.0 0.0
img_3030.jpg 0.0 120.0 0.0 0.0
img_3031.jpg 0.0 120.0 0.0 0.0
img_3032.jpg 0.0 120.0 0.0 0.0
img_3033.jpg 0.0 120.0 0.0 0.0
img_3034.jpg 0.0 120.0 0.0 0.0
img_3035.jpg 0.0 120.0 0.0 0.0
img_3036.jpg 0.0 0.0 90.0 0.0
img_3037.jpg 0.0 0.0 90.0 0.0
img_3038.jpg 0.0 0.0 90.0 0.0
img_3039.jpg 0.0 0.0 90.0 0.0
img_3040.jpg 0.0 0.0 90.0 0.0
img_3041.jpg 0.0 0.0 90.0 0.0
img_3042.jpg 0.0 0.0 90.0 0.0
img_3043.jpg 0.0 0.0 90.0 0.0
img_3044.jpg 0.0 0.0 90.0 0.0
img_3045.jpg 0.0 0.0 90.0 0.0
img_3046.jpg 0.0 83.8079247817 0.0 0.0
img_3047.jpg 0.0 120.0 0.0 0.0
img_3048.jpg 0.0 120.0 0.0 0.0
img_3049.jpg 0.0 120.0 0.0 0.0
img_3050.jpg 0.0 120.0 0.0 0.0
img_3051.jpg 0.0 120.0 0.0 0.0
img_3052.jpg 0.0 120.0 0.0 0.0
img_3053.jpg 0.0 120.0 0.0 0.0
img_3054.jpg 0.0 120.0 0.0 0.0
img_3055.jpg 0.0 120.0 0.0 0.0
img_3056.jpg 0.0 120.0 -90.0 0.0
img_3057.jpg 0.0 55.2887844191 -90.0 0.0
img_3058.jpg 0.0 0.0 -90.0 0.0
img_3059.jpg 0.0 0.0 -90.0 0.0
img_3060.jpg 0.0 0.0 -90.0 0.0
img_3061.jpg 0.0 0.0 -90.0 0.0
img_3062.jpg 0.0 0.0 -90.0 0.0
img_3063.jpg 0.0 0.0 -90.0 0.0
img_3064.jpg 0.0 0.0 -90.0 0.0
img_3065.jpg 0.0 0.0 -90.0 0.0
img_3066.jpg 0.0 0.0 -90.0 0.0
img_3067.jpg 0.0 0.0 -90.0 0.0
img_3068.jpg 4.01489257812 0.0 0.0 0.0
img_3069.jpg 10.7067871094 0.0 0.0 0.0
img_3070.jpg 11.0046386719 0.0 0.0 0.0
img_3071.jpg 11.0046386719 0.0 0.0 0.0
img_3072.jpg 11.1535644531 0.0 0.0 0.0
img_3073.jpg 14.8706054688 0.0 0.0 0.0
img_3074.jpg 29.443359375 0.0 0.0 0.0
img_3075.jpg 34.7961425781 0.0 0.0 0.0
img_3076.jpg 37.6208496094 0.0 0.0 0.0
img_3077.jpg 37.9187011719 0.0 0.0 0.0
img_3078.jpg 38.0676269531 0.0 0.0 0.0
img_3079.jpg 38.0676269531 0.0 0.0 0.0
img_3080.jpg 37.9187011719 0.0 0.0 0.0
img_3081.jpg 37.0263671875 0.0 0.0 0.0
img_3082.jpg -9.72412109375 0.0 0.0 0.0
img_3083.jpg -15.13671875 0.0 0.0 0.0
img_3084.jpg -17.1655273438 0.0 0.0 0.0
img_3085.jpg -17.2509765625 0.0 0.0 0.0
img_3086.jpg -17.4194335938 0.0 0.0 0.0
img_3087.jpg -17.4194335938 0.0 0.0 0.0
img_3088.jpg -17.4194335938 0.0 0.0 0.0
img_3089.jpg -17.4194335938 0.0 0.0 0.0
img_3090.jpg -18.4338378906 0.0 0.0 0.0
img_3091.jpg -22.1557617188 0.0 0.0 0.0
img_3092.jpg -22.2399902344 0.0 0.0 0.0
img_3093.jpg -22.2399902344 0.0 0.0 0.0
img_3094.jpg -22.2399902344 0.0 0.0 0.0
img_3095.jpg -22.2399902344 0.0 0.0 0.0
img_3096.jpg -22.2399902344 0.0 0.0 0.0
img_3097.jpg -22.2399902344 0.0 0.0 0.0
img_3098.jpg -22.2399902344 0.0 0.0 0.0
img_3099.jpg -22.2399902344 0.0 0.0 0.0
img_3100.jpg -22.2399902344 0.0 0.0 0.0
img_3101.jpg -10.9924316406 0.0 0.0 0.0
img_3102.jpg 0.0 0.0 90.0 0.0
img_3103.jpg 0.0 0.0 90.0 0.0
img_3104.jpg 0.0 0.0 90.0 0.0
img_3105.jpg 0.0 0.0 90.0 0.0
img_3106.jpg 0.0 0.0 90.0 0.0
img_3107.jpg 0.0 0.0 90.0 0.0
img_3108.jpg 0.0 0.0 90.0 0.0
img_3109.jpg 0.0 0.0 90.0 0.0
img_3110.jpg 0.0 50.1981195433 0.0 0.0
img_3111.jpg 0.0 120.0 0.0 0.0
img_3112.jpg 0.0 120.0 0.0 0.0
img_3113.jpg 0.0 120.0 0.0 0.0
img_3114.jpg 0.0 120.0 0.0 0.0
img_3115.jpg 0.0 120.0 0.0 0.0
img_3116.jpg 0.0 120.0 0.0 0.0
img_3117.jpg 0.0 120.0 0.0 0.0
img_3118.jpg 0.0 120.0 0.0 0.0
img_3119.jpg 0.0 120.0 0.0 0.0
img_3120.jpg 0.0 120.0 0.0 0.0
img_3121.jpg 0.0 120.0 0.0 0.0
img_3122.jpg 0.0 120.0 0.0 0.0
img_3123.jpg 0.0 120.0 0.0 0.0
img_3124.jpg 0.0 120.0 0.0 0.0
img_3125.jpg 0.0 120.0 0.0 0.0
img_3126.jpg 0.0 120.0 0.0 0.0
img_3127.jpg 0.0 120.0 -90.0 0.0
img_3128.jpg 0.0 120.0 -90.0 0.0
img_3129.jpg 0.0 120.0 -90.0 0.0
img_3130.jpg 0.0 120.0 -90.0 0.0
img_3131.jpg 0.0 42.444593687 -90.0 0.0
img_3132.jpg 0.0 0.0 -90.0 0.0
img_3133.jpg 0.0 0.0 -90.0 0.0
img_3134.jpg 0.0 0.0 -90.0 0.0
img_3135.jpg 0.0 0.0 -90.0 0.0
img_3136.jpg 0.0 0.0 -90.0 0.0
img_3137.jpg 0.0 0.0 -90.0 0.0
img_3138.jpg 0.0 0.0 -90.0 0.0
img_3139.jpg 0.0 0.0 -90.0 0.0
img_3140.jpg 0.0 0.0 -90.0 0.0
img_3141.jpg 0.0 27.6595030222 0.0 0.0
img_3142.jpg 0.0 56.0174613835 0.0 0.0
img_3143.jpg 0.0 61.8334452653 0.0 0.0
img_3144.jpg 0.0 71.2860980524 0.0 0.0
img_3145.jpg 0.0 72.4949630625 0.0 0.0
img_3146.jpg 0.0 73.2236400269 0.0 0.0
img_3147.jpg 0.0 77.5856279382 0.0 0.0
img_3148.jpg 0.0 99.6406984553 0.0 0.0
img_3149.jpg 0.0 101.094694426 0.0 0.0
img_3150.jpg 0.0 101.094694426 0.0 0.0
img_3151.jpg 0.0 101.094694426 0.0 0.0
img_3152.jpg 0.0 101.094694426 0.0 0.0
img_3153.jpg 0.0 100.852921424 0.0 0.0
img_3154.jpg 0.0 38.0826057757 0.0 0.0
img_3155.jpg 0.0 0.0 90.0 0.0
img_3156.jpg 0.0 0.0 90.0 0.0
img_3157.jpg 0.0 0.0 90.0 0.0
img_3158.jpg 0.0 0.0 90.0 0.0
img_3159.jpg 0.0 0.0 90.0 0.0
img_3160.jpg 0.0 0.0 90.0 0.0
img_3161.jpg 0.0 23.5392881128 0.0 0.0
img_3162.jpg 0.0 114.422431162 0.0 0.0
img_3163.jpg 0.0 120.0 0.0 0.0
img_3164.jpg 0.0 120.0 0.0 0.0
img_3165.jpg 0.0 120.0 0.0 0.0
img_3166.jpg 0.0 120.0 0.0 0.0
img_3167.jpg 0.0 120.0 -90.0 0.0
img_3168.jpg 0.0 66.1954331766 -90.0 0.0
img_3169.jpg 0.0 0.0 -90.0 0.0
img_3170.jpg 0.0 0.0 -90.0 0.0
img_3171.jpg 0.0 0.0 -90.0 0.0
img_3172.jpg 0.0 0.0 -90.0 0.0
img_3173.jpg 0.0 0.0 -90.0 0.0
img_3174.jpg 0.0 0.0 -90.0 0.0
img_3175.jpg 0.0 0.0 -90.0 0.0
img_3176.jpg 0.0 0.0 -90.0 0.0
img_3177.jpg 0.0 -119.995973154 -90.0 0.0
img_3178.jpg 0.0 -119.995973154 -90.0 0.0
img_3179.jpg 0.0 -119.995973154 -90.0 0.0
img_3180.jpg 0.0 -119.995973154 -90.0 0.0
img_3181.jpg 0.0 -119.995973154 -90.0 0.0
img_3182.jpg 0.0 -119.995973154 -90.0 0.0
img_3183.jpg 0.0 -119.995973154 -90.0 0.0
img_3184.jpg 0.0 -119.995973154 -90.0 0.0
img_3185.jpg 0.0 -119.995973154 -90.0 0.0
img_3186.jpg 0.0 -119.995973154 -90.0 0.0
img_3187.jpg 36.8774414062 -119.995973154 -90.0 0.0
img_3188.jpg 40.0 -119.995973154 -90.0 0.0
img_3189.jpg 40.0 -119.995973154 -90.0 0.0
img_3190.jpg 40.0 -118.622818792 -90.0 0.0
img_3191.jpg 40.0 -119.081879195 -90.0 0.0
img_3192.jpg 0.0 0.0 -90.0 0.0
img_3193.jpg 0.0 0.0 -90.0 0.0
img_3194.jpg 0.0 0.0 -90.0 0.0
img_3195.jpg 0.0 0.0 -90.0 0.0
img_3196.jpg -7.86376953125 0.0 0.0 0.0
img_3197.jpg -15.390625 0.0 0.0 0.0
img_3198.jpg -17.5036621094 0.0 0.0 0.0
img_3199.jpg -18.0114746094 0.0 0.0 0.0
img_3200.jpg -17.9272460938 0.0 0.0 0.0
img_3201.jpg -18.095703125 0.0 0.0 0.0
img_3202.jpg -18.0114746094 0.0 0.0 0.0
img_3203.jpg -18.0114746094 0.0 0.0 0.0
img_3204.jpg -18.0114746094 0.0 0.0 0.0
img_3205.jpg -18.0114746094 0.0 0.0 0.0
img_3206.jpg -18.0114746094 0.0 0.0 0.0
img_3207.jpg -18.0114746094 0.0 0.0 0.0
img_3208.jpg -18.0114746094 0.0 0.0 0.0
img_3209.jpg -18.349609375 0.0 0.0 0.0
img_3210.jpg -18.5192871094 0.0 0.0 0.0
img_3211.jpg -18.5192871094 0.0 0.0 0.0
img_3212.jpg -18.5192871094 0.0 0.0 0.0
img_3213.jpg -8.62548828125 0.0 0.0 0.0
img_3214.jpg 0.0 48.5023505709 0.0 0.0
img_3215.jpg 0.0 120.0 0.0 0.0
img_3216.jpg 0.0 120.0 0.0 0.0
img_3217.jpg 0.0 120.0 0.0 0.0
img_3218.jpg 0.0 120.0 0.0 0.0
img_3219.jpg 0.0 120.0 0.0 0.0
img_3220.jpg 0.0 120.0 0.0 0.0
img_3221.jpg 0.0 120.0 0.0 0.0
img_3222.jpg 0.0 120.0 -90.0 0.0
img_3223.jpg 0.0 0.0 -90.0 0.0
img_3224.jpg 0.0 0.0 -90.0 0.0
img_3225.jpg 0.0 0.0 -90.0 0.0
img_3226.jpg 0.0 0.0 -90.0 0.0
img_3227.jpg 0.0 0.0 -90.0 0.0
img_3228.jpg 0.0 0.0 -90.0 0.0
img_3229.jpg 0.0 0.0 -90.0 0.0
img_3230.jpg 0.0 0.0 -90.0 0.0
img_3231.jpg 0.0 0.0 -90.0 0.0
img_3232.jpg 0.0 0.0 90.0 0.0
img_3233.jpg 0.0 0.0 90.0 0.0
img_3234.jpg 0.0 0.0 90.0 0.0
img_3235.jpg 0.0 0.0 90.0 0.0
img_3236.jpg 0.0 0.0 90.0 0.0
img_3237.jpg 0.0 -15.0765100671 0.0 0.0
img_3238.jpg 0.0 -93.4228187919 0.0 0.0
img_3239.jpg 0.0 -117.24966443 0.0 0.0
img_3240.jpg 0.0 -119.995973154 0.0 0.0
img_3241.jpg 0.0 -119.995973154 0.0 0.0
img_3242.jpg 0.0 -119.995973154 0.0 0.0
img_3243.jpg 0.0 -119.995973154 0.0 0.0
img_3244.jpg -15.7287597656 0.0 0.0 0.0
img_3245.jpg -27.1447753906 0.0 0.0 0.0
img_3246.jpg -29.0051269531 0.0 0.0 0.0
img_3247.jpg -29.0051269531 0.0 0.0 0.0
img_3248.jpg -29.0051269531 0.0 0.0 0.0
img_3249.jpg -29.0893554688 0.0 0.0 0.0
img_3250.jpg -29.0893554688 0.0 0.0 0.0
img_3251.jpg -28.9196777344 0.0 0.0 0.0
img_3252.jpg 6.98974609375 0.0 0.0 0.0
img_3253.jpg 9.66552734375 0.0 0.0 0.0
img_3254.jpg 9.21997070312 0.0 0.0 0.0
img_3255.jpg 12.4914550781 0.0 0.0 0.0
img_3256.jpg 33.0114746094 0.0 0.0 0.0
img_3257.jpg 9.07104492188 0.0 0.0 0.0
img_3258.jpg 24.3872070312 0.0 0.0 0.0
img_3259.jpg 40.0 0.0 0.0 0.0
img_3260.jpg 11.0046386719 0.0 0.0 0.0
img_3261.jpg 0.0 120.0 0.0 0.0
img_3262.jpg 0.0 120.0 0.0 0.0
img_3263.jpg 0.0 120.0 0.0 0.0
img_3264.jpg 0.0 120.0 0.0 0.0
img_3265.jpg 0.0 120.0 0.0 0.0
img_3266.jpg 0.0 120.0 0.0 0.0
img_3267.jpg 0.0 120.0 0.0 0.0
img_3268.jpg 0.0 120.0 0.0 0.0
img_3269.jpg 0.0 120.0 0.0 0.0
img_3270.jpg 0.0 120.0 0.0 0.0
img_3271.jpg 0.0 120.0 0.0 0.0
img_3272.jpg 0.0 120.0 0.0 0.0
img_3273.jpg 0.0 120.0 0.0 0.0
img_3274.jpg 0.0 120.0 0.0 0.0
img_3275.jpg 0.0 120.0 0.0 0.0
img_3276.jpg 0.0 120.0 0.0 0.0
img_3277.jpg 0.0 120.0 -90.0 0.0
img_3278.jpg 0.0 120.0 -90.0 0.0
img_3279.jpg 0.0 0.0 -90.0 0.0
img_3280.jpg 0.0 0.0 -90.0 0.0
img_3281.jpg 0.0 0.0 -90.0 0.0
img_3282.jpg 0.0 0.0 -90.0 0.0
img_3283.jpg 0.0 0.0 -90.0 0.0
img_3284.jpg 0.0 -60.4348993289 0.0 0.0
img_3285.jpg 0.0 -81.9704697987 0.0 0.0
img_3286.jpg 0.0 -81.9704697987 0.0 0.0
img_3287.jpg 0.0 -81.0523489933 0.0 0.0
img_3288.jpg -8.62548828125 0.0 0.0 0.0
img_3289.jpg -15.4748535156 0.0 0.0 0.0
img_3290.jpg -16.8273925781 0.0 0.0 0.0
img_3291.jpg -17.1655273438 0.0 0.0 0.0
img_3292.jpg -17.0812988281 0.0 0.0 0.0
img_3293.jpg -17.0812988281 0.0 0.0 0.0
img_3294.jpg -17.4194335938 0.0 0.0 0.0
img_3295.jpg -17.5891113281 0.0 0.0 0.0
img_3296.jpg -17.5891113281 0.0 0.0 0.0
img_3297.jpg -17.5891113281 0.0 0.0 0.0
img_3298.jpg -17.5891113281 0.0 0.0 0.0
img_3299.jpg -15.13671875 0.0 0.0 0.0
img_3300.jpg 0.0 112.001343183 0.0 0.0
img_3301.jpg 0.0 120.0 0.0 0.0
img_3302.jpg 0.0 120.0 0.0 0.0
img_3303.jpg 0.0 120.0 0.0 0.0
img_3304.jpg 0.0 120.0 0.0 0.0
img_3305.jpg 0.0 120.0 0.0 0.0
img_3306.jpg 0.0 120.0 0.0 0.0
img_3307.jpg 0.0 120.0 0.0 0.0
img_3308.jpg 0.0 120.0 0.0 0.0
img_3309.jpg 0.0 120.0 -90.0 0.0
img_3310.jpg 0.0 85.5842847549 -90.0 0.0
img_3311.jpg 0.0 0.0 -90.0 0.0
img_3312.jpg 0.0 0.0 -90.0 0.0
img_3313.jpg 0.0 0.0 -90.0 0.0
img_3314.jpg 0.0 0.0 -90.0 0.0
img_3315.jpg 0.0 0.0 -90.0 0.0
img_3316.jpg 0.0 0.0 -90.0 0.0
img_3317.jpg 0.0 0.0 -90.0 0.0
img_3318.jpg 0.0 0.0 -90.0 0.0
img_3319.jpg 0.0 0.0 -90.0 0.0
img_3320.jpg 0.0 -44.8590604027 -90.0 0.0
img_3321.jpg 0.0 -119.995973154 -90.0 0.0
img_3322.jpg 0.0 -119.995973154 -90.0 0.0
img_3323.jpg 0.0 -119.995973154 -90.0 0.0
img_3324.jpg 0.0 -119.995973154 -90.0 0.0
img_3325.jpg 0.0 -119.995973154 -90.0 0.0
img_3326.jpg 0.0 -119.995973154 -90.0 0.0
img_3327.jpg 0.0 -119.995973154 -90.0 0.0
img_3328.jpg 0.0 -119.995973154 -90.0 0.0
img_3329.jpg 0.0 -119.995973154 -90.0 0.0
img_3330.jpg 0.0 -119.995973154 -90.0 0.0
img_3331.jpg 0.0 -119.995973154 -90.0 0.0
img_3332.jpg 0.0 -119.995973154 -90.0 0.0
img_3333.jpg 0.0 -119.995973154 -90.0 0.0
img_3334.jpg 0.0 -119.995973154 -90.0 0.0
img_3335.jpg 0.0 0.0 90.0 0.0
img_3336.jpg 0.0 0.0 90.0 0.0
img_3337.jpg 0.0 0.0 90.0 0.0
img_3338.jpg 0.0 0.0 90.0 0.0
img_3339.jpg 0.0 0.0 90.0 0.0
img_3340.jpg 0.0 0.0 90.0 0.0
img_3341.jpg 0.0 0.0 90.0 0.0
img_3342.jpg 0.0 0.0 90.0 0.0
img_3343.jpg 0.0 0.0 90.0 0.0
img_3344.jpg 0.0 0.0 90.0 0.0
img_3345.jpg 0.0 82.676292814 0.0 0.0
img_3346.jpg 0.0 120.0 0.0 0.0
img_3347.jpg 0.0 120.0 0.0 0.0
img_3348.jpg 0.0 120.0 0.0 0.0
img_3349.jpg 0.0 120.0 0.0 0.0
img_3350.jpg 0.0 120.0 0.0 0.0
img_3351.jpg 0.0 101.336467428 -90.0 0.0
img_3352.jpg 0.0 0.0 -90.0 0.0
img_3353.jpg 0.0 0.0 -90.0 0.0
img_3354.jpg 0.0 0.0 -90.0 0.0
img_3355.jpg 0.0 0.0 -90.0 0.0
img_3356.jpg 0.0 0.0 -90.0 0.0
img_3357.jpg 0.0 0.0 -90.0 0.0
img_3358.jpg 0.0 0.0 -90.0 0.0
img_3359.jpg 0.0 0.0 -90.0 0.0
img_3360.jpg 0.0 0.0 -90.0 0.0
img_3361.jpg 0.0 0.0 -90.0 0.0
img_3362.jpg 0.0 -119.995973154 -90.0 0.0
img_3363.jpg 0.0 -119.995973154 -90.0 0.0
img_3364.jpg 0.0 -119.995973154 -90.0 0.0
img_3365.jpg 0.0 -119.995973154 -90.0 0.0
img_3366.jpg 0.0 -119.995973154 -90.0 0.0
img_3367.jpg 0.0 -119.995973154 -90.0 0.0
img_3368.jpg 0.0 -119.995973154 -90.0 0.0
img_3369.jpg 0.0 -119.995973154 -90.0 0.0
img_3370.jpg 0.0 -119.995973154 -90.0 0.0
img_3371.jpg 0.0 -119.995973154 -90.0 0.0
img_3372.jpg 0.0 -119.995973154 -90.0 0.0
img_3373.jpg 0.0 0.0 -90.0 0.0
img_3374.jpg 0.0 -87.0080536913 0.0 0.0
img_3375.jpg 0.0 -119.995973154 0.0 0.0
img_3376.jpg 0.0 -119.995973154 0.0 0.0
img_3377.jpg 0.0 -119.995973154 0.0 0.0
img_3378.jpg 0.0 -119.995973154 0.0 0.0
img_3379.jpg 0.0 -119.995973154 0.0 0.0
img_3380.jpg 0.0 -119.995973154 0.0 0.0
img_3381.jpg 0.0 -32.0295302013 0.0 0.0
img_3382.jpg -9.47021484375 0.0 0.0 0.0
img_3383.jpg -23.5925292969 0.0 0.0 0.0
img_3384.jpg -28.6669921875 0.0 0.0 0.0
img_3385.jpg -34.7546386719 0.0 0.0 0.0
img_3386.jpg -35.4321289062 0.0 0.0 0.0
img_3387.jpg -35.6005859375 0.0 0.0 0.0
img_3388.jpg -35.6005859375 0.0 0.0 0.0
img_3389.jpg -35.6848144531 0.0 0.0 0.0
img_3390.jpg -35.6848144531 0.0 0.0 0.0
img_3391.jpg -35.6848144531 0.0 0.0 0.0
img_3392.jpg -35.6848144531 0.0 0.0 0.0
img_3393.jpg -35.6848144531 0.0 0.0 0.0
img_3394.jpg -35.4321289062 0.0 0.0 0.0
img_3395.jpg 0.0 0.0 90.0 0.0
img_3396.jpg 0.0 0.0 90.0 0.0
img_3397.jpg 0.0 0.0 90.0 0.0
img_3398.jpg 0.0 0.0 90.0 0.0
img_3399.jpg 0.0 0.0 90.0 0.0
img_3400.jpg 0.0 0.0 90.0 0.0
img_3401.jpg 0.0 0.0 90.0 0.0
img_3402.jpg 0.0 0.0 90.0 0.0
img_3403.jpg 0.0 0.0 90.0 0.0
img_3404.jpg 0.0 0.0 90.0 0.0
img_3405.jpg 0.0 66.1954331766 0.0 0.0
img_3406.jpg 0.0 120.0 0.0 0.0
img_3407.jpg 0.0 120.0 0.0 0.0
img_3408.jpg 0.0 120.0 0.0 0.0
img_3409.jpg 0.0 120.0 0.0 0.0
img_3410.jpg 0.0 120.0 0.0 0.0
img_3411.jpg 0.0 120.0 0.0 0.0
img_3412.jpg 0.0 120.0 0.0 0.0
img_3413.jpg 0.0 120.0 0.0 0.0
img_3414.jpg 0.0 120.0 0.0 0.0
img_3415.jpg 0.0 120.0 0.0 0.0
img_3416.jpg 0.0 120.0 0.0 0.0
img_3417.jpg 0.0 120.0 0.0 0.0
img_3418.jpg 0.0 120.0 0.0 0.0
img_3419.jpg 0.0 120.0 0.0 0.0
img_3420.jpg 0.0 0.0 -90.0 0.0
img_3421.jpg 0.0 0.0 -90.0 0.0
img_3422.jpg 0.0 0.0 -90.0 0.0
img_3423.jpg 0.0 0.0 -90.0 0.0
img_3424.jpg 0.0 0.0 -90.0 0.0
img_3425.jpg 0.0 0.0 -90.0 0.0
img_3426.jpg 0.0 0.0 -90.0 0.0
img_3427.jpg 0.0 0.0 -90.0 0.0
img_3428.jpg 0.0 0.0 -90.0 0.0
img_3429.jpg 0.0 0.0 -90.0 0.0
img_3430.jpg 0.0 0.0 -90.0 0.0
img_3431.jpg 0.0 -64.5583892617 -90.0 0.0
img_3432.jpg 0.0 -119.995973154 -90.0 0.0
img_3433.jpg 0.0 -119.995973154 -90.0 0.0
img_3434.jpg 0.0 -119.995973154 -90.0 0.0
img_3435.jpg 0.0 -119.995973154 -90.0 0.0
img_3436.jpg 0.0 -119.995973154 -90.0 0.0
img_3437.jpg 0.0 -119.995973154 -90.0 0.0
img_3438.jpg 0.0 -119.995973154 -90.0 0.0
img_3439.jpg 0.0 -119.995973154 -90.0 0.0
img_3440.jpg 0.0 -119.995973154 -90.0 0.0
img_3441.jpg 0.0 -119.995973154 -90.0 0.0
img_3442.jpg 0.0 -119.995973154 -90.0 0.0
img_3443.jpg 0.0 -119.995973154 -90.0 0.0
img_3444.jpg 0.0 -119.995973154 -90.0 0.0
img_3445.jpg 0.0 -119.995973154 -90.0 0.0
img_3446.jpg 0.0 -70.0590604027 -90.0 0.0
img_3447.jpg 0.0 -119.995973154 0.0 0.0
img_3448.jpg 0.0 -119.995973154 0.0 0.0
img_3449.jpg 0.0 -119.995973154 0.0 0.0
img_3450.jpg 0.0 -119.995973154 0.0 0.0
img_3451.jpg 12.1936035156 0.0 0.0 0.0
img_3452.jpg 18.1420898438 0.0 0.0 0.0
img_3453.jpg 19.9267578125 0.0 0.0 0.0
img_3454.jpg 22.0080566406 0.0 0.0 0.0
img_3455.jpg 24.9816894531 0.0 0.0 0.0
img_3456.jpg 33.1604003906 0.0 0.0 0.0
img_3457.jpg 35.5395507812 0.0 0.0 0.0
img_3458.jpg 35.5395507812 0.0 0.0 0.0
img_3459.jpg 28.9965820312 0.0 0.0 0.0
img_3460.jpg 0.0 0.0 90.0 0.0
img_3461.jpg 0.0 0.0 90.0 0.0
img_3462.jpg 0.0 0.0 90.0 0.0
img_3463.jpg 0.0 0.0 90.0 0.0
img_3464.jpg 0.0 0.0 90.0 0.0
img_3465.jpg 0.0 0.0 90.0 0.0
img_3466.jpg 0.0 0.0 90.0 0.0
img_3467.jpg 0.0 0.0 90.0 0.0
img_3468.jpg 0.0 0.0 90.0 0.0
img_3469.jpg 0.0 0.0 90.0 0.0
img_3470.jpg 0.0 0.0 90.0 0.0
img_3471.jpg 0.0 98.4284754869 0.0 0.0
img_3472.jpg 0.0 120.0 0.0 0.0
img_3473.jpg 0.0 120.0 0.0 0.0
img_3474.jpg 0.0 120.0 0.0 0.0
img_3475.jpg 0.0 120.0 0.0 0.0
img_3476.jpg 0.0 120.0 0.0 0.0
img_3477.jpg 0.0 120.0 0.0 0.0
img_3478.jpg 0.0 120.0 0.0 0.0
img_3479.jpg 0.0 120.0 0.0 0.0
img_3480.jpg 0.0 60.1376762928 -90.0 0.0
img_3481.jpg 0.0 0.0 -90.0 0.0
img_3482.jpg 0.0 0.0 -90.0 0.0
img_3483.jpg 0.0 0.0 -90.0 0.0
img_3484.jpg 0.0 0.0 -90.0 0.0
img_3485.jpg 0.0 0.0 -90.0 0.0
img_3486.jpg 0.0 0.0 -90.0 0.0
img_3487.jpg 0.0 0.0 -90.0 0.0
img_3488.jpg 0.0 0.0 -90.0 0.0
img_3489.jpg 0.0 0.0 -90.0 0.0
img_3490.jpg 0.0 0.0 -90.0 0.0
img_3491.jpg 0.0 -28.3651006711 0.0 0.0
img_3492.jpg 0.0 -105.338255034 0.0 0.0
img_3493.jpg 0.0 -119.995973154 0.0 0.0
img_3494.jpg 0.0 -119.995973154 0.0 0.0
img_3495.jpg 0.0 -119.995973154 0.0 0.0
img_3496.jpg 0.0 -119.995973154 0.0 0.0
img_3497.jpg 0.0 -119.995973154 0.0 0.0
img_3498.jpg 3.5693359375 0.0 0.0 0.0
img_3499.jpg 15.3161621094 0.0 0.0 0.0
img_3500.jpg 22.1569824219 0.0 0.0 0.0
img_3501.jpg 25.4284667969 0.0 0.0 0.0
img_3502.jpg 29.2944335938 0.0 0.0 0.0
img_3503.jpg 33.3093261719 0.0 0.0 0.0
img_3504.jpg 37.4731445312 0.0 0.0 0.0
img_3505.jpg 40.0 0.0 0.0 0.0
img_3506.jpg 40.0 0.0 0.0 0.0
img_3507.jpg 40.0 0.0 0.0 0.0
img_3508.jpg 40.0 0.0 0.0 0.0
img_3509.jpg 9.814453125 0.0 0.0 0.0
img_3510.jpg 11.8969726562 0.0 0.0 0.0
img_3511.jpg 19.62890625 0.0 0.0 0.0
img_3512.jpg 12.3425292969 0.0 0.0 0.0
img_3513.jpg 25.1306152344 0.0 0.0 0.0
img_3514.jpg 3.71826171875 0.0 0.0 0.0
img_3515.jpg 27.3608398438 0.0 0.0 0.0
img_3516.jpg 7.58422851562 0.0 0.0 0.0
img_3517.jpg 24.6850585938 0.0 0.0 0.0
img_3518.jpg 36.8774414062 0.0 0.0 0.0
img_3519.jpg 21.5625 0.0 0.0 0.0
img_3520.jpg 40.0 0.0 0.0 0.0
img_3521.jpg 40.0 0.0 0.0 0.0
img_3522.jpg 11.1535644531 0.0 0.0 0.0
img_3523.jpg 0.0 0.0 90.0 0.0
img_3524.jpg 0.0 0.0 90.0 0.0
img_3525.jpg 0.0 0.0 90.0 0.0
img_3526.jpg 0.0 0.0 90.0 0.0
img_3527.jpg 0.0 0.0 90.0 0.0
img_3528.jpg 0.0 0.0 90.0 0.0
img_3529.jpg 0.0 0.0 90.0 0.0
img_3530.jpg 0.0 0.0 90.0 0.0
img_3531.jpg 0.0 96.245802552 0.0 0.0
img_3532.jpg 0.0 120.0 0.0 0.0
img_3533.jpg 0.0 120.0 0.0 0.0
img_3534.jpg 0.0 120.0 0.0 0.0
img_3535.jpg 0.0 120.0 0.0 0.0
img_3536.jpg 0.0 120.0 0.0 0.0
img_3537.jpg 0.0 120.0 0.0 0.0
img_3538.jpg 0.0 120.0 0.0 0.0
img_3539.jpg 0.0 120.0 0.0 0.0
img_3540.jpg 0.0 120.0 0.0 0.0
img_3541.jpg 0.0 120.0 0.0 0.0
img_3542.jpg 0.0 120.0 0.0 0.0
img_3543.jpg 0.0 120.0 0.0 0.0
img_3544.jpg 0.0 120.0 0.0 0.0
img_3545.jpg 0.0 120.0 -90.0 0.0
img_3546.jpg 0.0 41.9576897246 -90.0 0.0
img_3547.jpg 0.0 0.0 -90.0 0.0
img_3548.jpg 0.0 0.0 -90.0 0.0
img_3549.jpg 0.0 0.0 -90.0 0.0
img_3550.jpg 0.0 0.0 -90.0 0.0
img_3551.jpg 0.0 0.0 -90.0 0.0
img_3552.jpg 0.0 0.0 -90.0 0.0
img_3553.jpg 0.0 0.0 -90.0 0.0
img_3554.jpg 0.0 0.0 -90.0 0.0
img_3555.jpg 0.0 0.0 -90.0 0.0
img_3556.jpg -2.02880859375 0.0 0.0 0.0
img_3557.jpg -8.96362304688 0.0 0.0 0.0
img_3558.jpg -9.5556640625 0.0 0.0 0.0
img_3559.jpg -10.5700683594 0.0 0.0 0.0
img_3560.jpg -10.5700683594 0.0 0.0 0.0
img_3561.jpg -10.8239746094 0.0 0.0 0.0
img_3562.jpg -16.9116210938 0.0 0.0 0.0
img_3563.jpg -19.1955566406 0.0 0.0 0.0
img_3564.jpg -19.1955566406 0.0 0.0 0.0
img_3565.jpg -19.1955566406 0.0 0.0 0.0
img_3566.jpg -19.2797851562 0.0 0.0 0.0
img_3567.jpg -19.1955566406 0.0 0.0 0.0
img_3568.jpg -19.2797851562 0.0 0.0 0.0
img_3569.jpg -19.2797851562 0.0 0.0 0.0
img_3570.jpg -19.2797851562 0.0 0.0 0.0
img_3571.jpg -19.2797851562 0.0 0.0 0.0
img_3572.jpg -19.1955566406 0.0 0.0 0.0
img_3573.jpg -19.1955566406 0.0 0.0 0.0
img_3574.jpg 0.0 0.0 90.0 0.0
img_3575.jpg 0.0 0.0 90.0 0.0
img_3576.jpg 0.0 0.0 90.0 0.0
img_3577.jpg 0.0 0.0 90.0 0.0
img_3578.jpg 0.0 0.0 90.0 0.0
img_3579.jpg 0.0 0.0 90.0 0.0
img_3580.jpg 0.0 0.0 90.0 0.0
img_3581.jpg 0.0 0.0 90.0 0.0
img_3582.jpg 0.0 16.997985225 0.0 0.0
img_3583.jpg 0.0 120.0 0.0 0.0
img_3584.jpg 0.0 120.0 0.0 0.0
img_3585.jpg 0.0 120.0 0.0 0.0
img_3586.jpg 0.0 120.0 0.0 0.0
img_3587.jpg 0.0 120.0 0.0 0.0
img_3588.jpg 0.0 120.0 0.0 0.0
img_3589.jpg 0.0 120.0 0.0 0.0
img_3590.jpg 0.0 0.0 -90.0 0.0
img_3591.jpg 0.0 0.0 -90.0 0.0
img_3592.jpg 0.0 0.0 -90.0 0.0
img_3593.jpg 0.0 0.0 -90.0 0.0
img_3594.jpg 0.0 0.0 -90.0 0.0
img_3595.jpg 0.0 0.0 -90.0 0.0
img_3596.jpg 0.0 0.0 -90.0 0.0
img_3597.jpg 0.0 0.0 -90.0 0.0
img_3598.jpg 0.0 -26.0738255034 0.0 0.0
img_3599.jpg 0.0 -110.375838926 0.0 0.0
img_3600.jpg 0.0 -119.995973154 0.0 0.0
img_3601.jpg 0.0 -119.995973154 0.0 0.0
img_3602.jpg 0.0 -119.995973154 0.0 0.0
img_3603.jpg 0.0 -119.995973154 0.0 0.0
img_3604.jpg 0.0 -119.995973154 0.0 0.0
img_3605.jpg 0.0 -119.995973154 0.0 0.0
img_3606.jpg 0.0 -119.995973154 0.0 0.0
img_3607.jpg 15.3161621094 0.0 0.0 0.0
img_3608.jpg 30.0378417969 0.0 0.0 0.0
img_3609.jpg 32.5659179688 0.0 0.0 0.0
img_3610.jpg 32.5659179688 0.0 0.0 0.0
img_3611.jpg 32.5659179688 0.0 0.0 0.0
img_3612.jpg 32.71484375 0.0 0.0 0.0
img_3613.jpg 32.71484375 0.0 0.0 0.0
img_3614.jpg 22.1569824219 0.0 0.0 0.0
img_3615.jpg 0.0 0.0 90.0 0.0
img_3616.jpg 0.0 0.0 90.0 0.0
img_3617.jpg 0.0 0.0 90.0 0.0
img_3618.jpg 0.0 0.0 90.0 0.0
img_3619.jpg 0.0 0.0 90.0 0.0
img_3620.jpg 0.0 0.0 90.0 0.0
img_3621.jpg 0.0 0.0 90.0 0.0
img_3622.jpg 0.0 51.6521155138 0.0 0.0
img_3623.jpg 0.0 120.0 0.0 0.0
img_3624.jpg 0.0 120.0 0.0 0.0
img_3625.jpg 0.0 120.0 0.0 0.0
img_3626.jpg 0.0 120.0 0.0 0.0
img_3627.jpg 0.0 120.0 0.0 0.0
img_3628.jpg 0.0 120.0 0.0 0.0
img_3629.jpg 0.0 120.0 0.0 0.0
img_3630.jpg 0.0 120.0 0.0 0.0
img_3631.jpg 0.0 120.0 0.0 0.0
img_3632.jpg 0.0 120.0 0.0 0.0
img_3633.jpg 0.0 120.0 0.0 0.0
img_3634.jpg 0.0 120.0 0.0 0.0
img_3635.jpg 0.0 120.0 0.0 0.0
img_3636.jpg 0.0 120.0 0.0 0.0
img_3637.jpg 0.0 120.0 0.0 0.0
img_3638.jpg 0.0 48.2605775688 -90.0 0.0
img_3639.jpg 0.0 0.0 -90.0 0.0
img_3640.jpg 0.0 0.0 -90.0 0.0
img_3641.jpg 0.0 0.0 -90.0 0.0
img_3642.jpg 0.0 0.0 -90.0 0.0
img_3643.jpg 0.0 0.0 -90.0 0.0
img_3644.jpg 0.0 0.0 -90.0 0.0
img_3645.jpg 0.0 0.0 -90.0 0.0
img_3646.jpg 0.0 0.0 -90.0 0.0
img_3647.jpg 0.0 0.0 -90.0 0.0
img_3648.jpg 0.0 -38.9033557047 0.0 0.0
img_3649.jpg 0.0 -58.6026845638 0.0 0.0
img_3650.jpg 0.0 -65.0174496644 0.0 0.0
img_3651.jpg 0.0 -65.9355704698 0.0 0.0
img_3652.jpg 0.0 -65.9355704698 0.0 0.0
img_3653.jpg 0.0 -66.8496644295 0.0 0.0
img_3654.jpg 0.0 -66.3906040268 0.0 0.0
img_3655.jpg 0.0 -65.9355704698 0.0 0.0
img_3656.jpg 0.0 -65.9355704698 0.0 0.0
img_3657.jpg 0.0 -65.9355704698 0.0 0.0
img_3658.jpg 0.0 -65.4765100671 0.0 0.0
img_3659.jpg 0.0 -65.4765100671 0.0 0.0
img_3660.jpg 0.0 -65.4765100671 0.0 0.0
img_3661.jpg 0.0 -65.4765100671 0.0 0.0
img_3662.jpg 0.0 -65.4765100671 0.0 0.0
img_3663.jpg 0.0 -65.4765100671 0.0 0.0
img_3664.jpg 0.0 -65.4765100671 0.0 0.0
img_3665.jpg 0.0 -65.4765100671 0.0 0.0
img_3666.jpg 0.0 -65.4765100671 0.0 0.0
img_3667.jpg 2.82592773438 0.0 0.0 0.0
img_3668.jpg 11.1535644531 0.0 0.0 0.0
img_3669.jpg 11.3012695312 0.0 0.0 0.0
img_3670.jpg 11.3012695312 0.0 0.0 0.0
img_3671.jpg 11.3012695312 0.0 0.0 0.0
img_3672.jpg 11.3012695312 0.0 0.0 0.0
img_3673.jpg 12.6403808594 0.0 0.0 0.0
img_3674.jpg 21.4135742188 0.0 0.0 0.0
img_3675.jpg 21.8591308594 0.0 0.0 0.0
img_3676.jpg 21.8591308594 0.0 0.0 0.0
img_3677.jpg 21.8591308594 0.0 0.0 0.0
img_3678.jpg 21.8591308594 0.0 0.0 0.0
img_3679.jpg 22.6025390625 0.0 0.0 0.0
img_3680.jpg 24.23828125 0.0 0.0 0.0
img_3681.jpg 25.7250976562 0.0 0.0 0.0
img_3682.jpg 27.2119140625 0.0 0.0 0.0
img_3683.jpg 27.2119140625 0.0 0.0 0.0
img_3684.jpg 27.3608398438 0.0 0.0 0.0
img_3685.jpg 28.2531738281 0.0 0.0 0.0
img_3686.jpg 29.2944335938 0.0 0.0 0.0
img_3687.jpg 31.2268066406 0.0 0.0 0.0
img_3688.jpg 32.2680664062 0.0 0.0 0.0
img_3689.jpg 32.2680664062 0.0 0.0 0.0
img_3690.jpg 9.814453125 0.0 0.0 0.0
img_3691.jpg 10.2612304688 0.0 0.0 0.0
img_3692.jpg 13.8293457031 0.0 0.0 0.0
img_3693.jpg 13.8293457031 0.0 0.0 0.0
img_3694.jpg 13.8293457031 0.0 0.0 0.0
img_3695.jpg 13.8293457031 0.0 0.0 0.0
img_3696.jpg 14.423828125 0.0 0.0 0.0
img_3697.jpg 18.1420898438 0.0 0.0 0.0
img_3698.jpg 25.2795410156 0.0 0.0 0.0
img_3699.jpg 28.5510253906 0.0 0.0 0.0
img_3700.jpg 29.5922851562 0.0 0.0 0.0
img_3701.jpg 29.5922851562 0.0 0.0 0.0
img_3702.jpg 29.2944335938 0.0 0.0 0.0
img_3703.jpg 27.509765625 0.0 0.0 0.0
img_3704.jpg 27.6586914062 0.0 0.0 0.0
img_3705.jpg 27.8076171875 0.0 0.0 0.0
img_3706.jpg 28.1042480469 0.0 0.0 0.0
img_3707.jpg 28.2531738281 0.0 0.0 0.0
img_3708.jpg 27.9565429688 0.0 0.0 0.0
img_3709.jpg 0.0 82.918065816 0.0 0.0
img_3710.jpg 0.0 120.0 0.0 0.0
img_3711.jpg 0.0 120.0 0.0 0.0
img_3712.jpg 0.0 120.0 0.0 0.0
img_3713.jpg 0.0 120.0 0.0 0.0
img_3714.jpg 0.0 120.0 0.0 0.0
img_3715.jpg 0.0 120.0 0.0 0.0
img_3716.jpg 0.0 120.0 0.0 0.0
img_3717.jpg 0.0 120.0 0.0 0.0
img_3718.jpg 0.0 120.0 0.0 0.0
img_3719.jpg 0.0 120.0 0.0 0.0
img_3720.jpg 0.0 120.0 0.0 0.0
img_3721.jpg 0.0 120.0 0.0 0.0
img_3722.jpg 0.0 120.0 0.0 0.0
img_3723.jpg 0.0 120.0 0.0 0.0
img_3724.jpg 0.0 120.0 0.0 0.0
img_3725.jpg 0.0 120.0 -90.0 0.0
img_3726.jpg 0.0 120.0 -90.0 0.0
img_3727.jpg 0.0 120.0 -90.0 0.0
img_3728.jpg 0.0 120.0 -90.0 0.0
img_3729.jpg 0.0 0.0 -90.0 0.0
img_3730.jpg 0.0 0.0 -90.0 0.0
img_3731.jpg 0.0 0.0 -90.0 0.0
img_3732.jpg 0.0 0.0 -90.0 0.0
img_3733.jpg 0.0 0.0 -90.0 0.0
img_3734.jpg 0.0 0.0 -90.0 0.0
img_3735.jpg 0.0 -81.0523489933 0.0 0.0
img_3736.jpg 0.0 -119.995973154 0.0 0.0
img_3737.jpg 0.0 -119.995973154 0.0 0.0
img_3738.jpg 0.0 -119.995973154 0.0 0.0
img_3739.jpg 0.0 -119.995973154 0.0 0.0
img_3740.jpg 0.0 -119.995973154 0.0 0.0
img_3741.jpg 0.0 -119.995973154 0.0 0.0
img_3742.jpg 17.6953125 0.0 0.0 0.0
img_3743.jpg 21.4135742188 0.0 0.0 0.0
img_3744.jpg 21.5625 0.0 0.0 0.0
img_3745.jpg 21.5625 0.0 0.0 0.0
img_3746.jpg 21.5625 0.0 0.0 0.0
img_3747.jpg 21.4135742188 0.0 0.0 0.0
img_3748.jpg 21.2646484375 0.0 0.0 0.0
img_3749.jpg 21.2646484375 0.0 0.0 0.0
img_3750.jpg 21.2646484375 0.0 0.0 0.0
img_3751.jpg 21.4135742188 0.0 0.0 0.0
img_3752.jpg 21.4135742188 0.0 0.0 0.0
img_3753.jpg 21.4135742188 0.0 0.0 0.0
img_3754.jpg 21.4135742188 0.0 0.0 0.0
img_3755.jpg 21.4135742188 0.0 0.0 0.0
img_3756.jpg 21.4135742188 0.0 0.0 0.0
img_3757.jpg 21.5625 0.0 0.0 0.0
img_3758.jpg 21.5625 0.0 0.0 0.0
img_3759.jpg 21.5625 0.0 0.0 0.0
img_3760.jpg 21.5625 0.0 0.0 0.0
img_3761.jpg 21.5625 0.0 0.0 0.0
img_3762.jpg 21.4135742188 0.0 0.0 0.0
img_3763.jpg 10.8557128906 0.0 0.0 0.0
img_3764.jpg 0.0 0.0 90.0 0.0
img_3765.jpg 0.0 0.0 90.0 0.0
img_3766.jpg 0.0 0.0 90.0 0.0
img_3767.jpg 0.0 0.0 90.0 0.0
img_3768.jpg 0.0 0.0 90.0 0.0
img_3769.jpg 0.0 0.0 90.0 0.0
img_3770.jpg 0.0 0.0 90.0 0.0
img_3771.jpg 0.0 0.0 90.0 0.0
img_3772.jpg 0.0 0.0 90.0 0.0
img_3773.jpg 0.0 0.0 90.0 0.0
img_3774.jpg 0.0 0.0 90.0 0.0
img_3775.jpg 0.0 0.0 90.0 0.0
img_3776.jpg 0.0 16.7528542646 0.0 0.0
img_3777.jpg 0.0 120.0 0.0 0.0
img_3778.jpg 0.0 120.0 0.0 0.0
img_3779.jpg 0.0 120.0 0.0 0.0
img_3780.jpg 0.0 120.0 0.0 0.0
img_3781.jpg 0.0 120.0 0.0 0.0
img_3782.jpg 0.0 120.0 0.0 0.0
img_3783.jpg 0.0 120.0 0.0 0.0
img_3784.jpg 0.0 120.0 0.0 0.0
img_3785.jpg 0.0 120.0 0.0 0.0
img_3786.jpg 0.0 120.0 0.0 0.0
img_3787.jpg 0.0 120.0 0.0 0.0
img_3788.jpg 0.0 120.0 0.0 0.0
img_3789.jpg 0.0 120.0 0.0 0.0
img_3790.jpg 0.0 23.5392881128 0.0 0.0
img_3791.jpg 0.0 0.0 -90.0 0.0
img_3792.jpg 0.0 0.0 -90.0 0.0
img_3793.jpg 0.0 0.0 -90.0 0.0
img_3794.jpg 0.0 0.0 -90.0 0.0
img_3795.jpg 0.0 0.0 -90.0 0.0
img_3796.jpg 0.0 0.0 -90.0 0.0
img_3797.jpg 0.0 0.0 -90.0 0.0
img_3798.jpg 0.0 0.0 -90.0 0.0
img_3799.jpg 0.0 0.0 -90.0 0.0
img_3800.jpg 0.0 -74.6375838926 -90.0 0.0
img_3801.jpg 0.0 -119.995973154 -90.0 0.0
img_3802.jpg 0.0 -119.995973154 -90.0 0.0
img_3803.jpg 0.0 -119.995973154 -90.0 0.0
img_3804.jpg 0.0 -119.995973154 -90.0 0.0
img_3805.jpg 0.0 -119.995973154 -90.0 0.0
img_3806.jpg 0.0 -119.995973154 -90.0 0.0
img_3807.jpg 0.0 -119.995973154 -90.0 0.0
img_3808.jpg 0.0 -119.995973154 -90.0 0.0
img_3809.jpg 0.0 -119.995973154 -90.0 0.0
img_3810.jpg 0.0 -119.995973154 -90.0 0.0
img_3811.jpg 0.0 -119.995973154 -90.0 0.0
img_3812.jpg 0.0 -104.420134228 0.0 0.0
img_3813.jpg 0.0 -119.995973154 0.0 0.0
img_3814.jpg 0.0 -119.995973154 0.0 0.0
img_3815.jpg 0.0 -119.995973154 0.0 0.0
img_3816.jpg 0.0 -119.995973154 0.0 0.0
img_3817.jpg 8.92211914062 0.0 0.0 0.0
img_3818.jpg 23.3459472656 0.0 0.0 0.0
img_3819.jpg 30.3356933594 0.0 0.0 0.0
img_3820.jpg 33.7548828125 0.0 0.0 0.0
img_3821.jpg 37.0263671875 0.0 0.0 0.0
img_3822.jpg 38.2165527344 0.0 0.0 0.0
img_3823.jpg 38.3654785156 0.0 0.0 0.0
img_3824.jpg 38.662109375 0.0 0.0 0.0
img_3825.jpg 38.662109375 0.0 0.0 0.0
img_3826.jpg 38.662109375 0.0 0.0 0.0
img_3827.jpg 22.7514648438 0.0 0.0 0.0
img_3828.jpg 0.0 19.4190732035 0.0 0.0
img_3829.jpg 0.0 120.0 0.0 0.0
img_3830.jpg 0.0 120.0 0.0 0.0
img_3831.jpg 0.0 120.0 0.0 0.0
img_3832.jpg 0.0 120.0 0.0 0.0
img_3833.jpg 0.0 120.0 0.0 0.0
img_3834.jpg 0.0 120.0 0.0 0.0
img_3835.jpg 0.0 120.0 0.0 0.0
img_3836.jpg 0.0 120.0 0.0 0.0
img_3837.jpg 0.0 58.680322364 0.0 0.0
img_3838.jpg 0.0 68.3747481531 0.0 0.0
img_3839.jpg 0.0 110.305574211 0.0 0.0
img_3840.jpg 0.0 112.726662189 0.0 0.0
img_3841.jpg 0.0 101.094694426 0.0 0.0
img_3842.jpg 0.0 22.3270651444 0.0 0.0
img_3843.jpg 0.0 0.0 -90.0 0.0
img_3844.jpg 0.0 0.0 -90.0 0.0
img_3845.jpg 0.0 0.0 -90.0 0.0
img_3846.jpg 0.0 0.0 -90.0 0.0
img_3847.jpg 0.0 0.0 -90.0 0.0
img_3848.jpg 0.0 0.0 -90.0 0.0
img_3849.jpg 0.0 0.0 -90.0 0.0
img_3850.jpg 0.0 -119.995973154 -90.0 0.0
img_3851.jpg 0.0 -119.995973154 -90.0 0.0
img_3852.jpg 0.0 -119.995973154 -90.0 0.0
img_3853.jpg 0.0 -119.995973154 -90.0 0.0
img_3854.jpg 0.0 -119.995973154 -90.0 0.0
img_3855.jpg 0.0 -119.995973154 -90.0 0.0
img_3856.jpg 0.0 -119.995973154 -90.0 0.0
img_3857.jpg 0.0 -119.995973154 -90.0 0.0
img_3858.jpg 0.0 -119.995973154 -90.0 0.0
img_3859.jpg 0.0 -119.995973154 -90.0 0.0
img_3860.jpg 0.0 -119.995973154 -90.0 0.0
img_3861.jpg 0.0 -119.995973154 -90.0 0.0
img_3862.jpg 0.0 -119.995973154 -90.0 0.0
img_3863.jpg 0.0 -119.995973154 -90.0 0.0
img_3864.jpg 0.0 0.0 -90.0 0.0
