img_738.jpg 0.0 0.0 0.0 -75.2075195312
img_739.jpg 0.0 0.0 0.0 -19.2779541016
img_740.jpg 0.0 0.0 0.0 -5.08422851562
img_741.jpg 0.0 0.0 0.0 -5.29479980469
img_742.jpg 0.0 -119.995958643 0.0 0.0
img_743.jpg 0.0 -119.995958643 0.0 0.0
img_744.jpg 0.0 -119.995958643 0.0 0.0
img_745.jpg 0.0 -119.995958643 0.0 0.0
img_746.jpg 0.0 -119.995958643 0.0 0.0
img_747.jpg 0.0 -119.995958643 0.0 0.0
img_748.jpg 0.0 -119.995958643 0.0 0.0
img_749.jpg 0.0 -119.995958643 0.0 0.0
img_750.jpg 0.0 -119.995958643 0.0 0.0
img_751.jpg 0.0 0.0 90.0 0.0
img_752.jpg 0.0 0.0 90.0 0.0
img_753.jpg 0.0 0.0 90.0 0.0
img_754.jpg 0.0 0.0 90.0 0.0
img_755.jpg 0.0 0.0 90.0 0.0
img_756.jpg 0.0 0.0 90.0 0.0
img_757.jpg 0.0 0.0 90.0 0.0
img_758.jpg 0.0 0.0 90.0 0.0
img_759.jpg 0.0 0.0 90.0 0.0
img_760.jpg 0.0 0.0 90.0 0.0
img_761.jpg 0.0 0.0 90.0 0.0
img_762.jpg 0.0 0.0 90.0 0.0
img_763.jpg 0.0 0.0 90.0 0.0
img_764.jpg 0.0 0.0 90.0 0.0
img_765.jpg 0.0 0.0 90.0 0.0
img_766.jpg 0.0 0.0 90.0 0.0
img_767.jpg 0.0 0.0 90.0 0.0
img_768.jpg 0.0 0.0 90.0 0.0
img_769.jpg 0.0 0.0 0.0 -24.3621826172
img_770.jpg 0.0 0.0 0.0 -24.3621826172
img_771.jpg 0.0 120.0 0.0 0.0
img_772.jpg 0.0 120.0 0.0 0.0
img_773.jpg 0.0 120.0 0.0 0.0
img_774.jpg 0.0 58.4281449655 0.0 0.0
img_775.jpg 0.0 120.0 0.0 0.0
img_776.jpg 0.0 120.0 0.0 0.0
img_777.jpg 0.0 120.0 0.0 0.0
img_778.jpg 0.0 120.0 0.0 0.0
img_779.jpg 0.0 120.0 0.0 0.0
img_780.jpg 0.0 120.0 0.0 0.0
img_781.jpg 0.0 119.511201629 0.0 0.0
img_782.jpg 0.0 0.0 0.0 -87.4969482422
img_783.jpg 0.0 0.0 0.0 -99.9969482422
img_784.jpg 0.0 0.0 0.0 -99.9969482422
img_785.jpg 0.0 0.0 0.0 -99.9969482422
img_786.jpg 0.0 0.0 0.0 100.0
img_787.jpg 0.0 0.0 0.0 100.0
img_788.jpg 0.0 0.0 0.0 100.0
img_789.jpg 0.0 0.0 -90.0 0.0
img_790.jpg 0.0 0.0 -90.0 0.0
img_791.jpg 0.0 0.0 -90.0 0.0
img_792.jpg 0.0 0.0 -90.0 0.0
img_793.jpg 0.0 0.0 90.0 0.0
img_794.jpg 0.0 0.0 90.0 0.0
img_795.jpg 0.0 0.0 90.0 0.0
img_796.jpg 0.0 0.0 90.0 0.0
img_797.jpg 0.0 0.0 90.0 0.0
img_798.jpg 0.0 0.0 90.0 0.0
img_799.jpg 0.0 0.0 90.0 0.0
img_800.jpg 0.0 0.0 -90.0 0.0
img_801.jpg 0.0 0.0 -90.0 0.0
img_802.jpg 0.0 0.0 -90.0 0.0
img_803.jpg 0.0 0.0 -90.0 0.0
img_804.jpg 0.0 0.0 -90.0 0.0
img_805.jpg 0.0 0.0 -90.0 0.0
img_806.jpg 0.0 0.0 -90.0 0.0
img_807.jpg 0.0 0.0 -90.0 0.0
img_808.jpg 0.0 0.0 -90.0 0.0
img_809.jpg 0.0 0.0 -90.0 0.0
img_810.jpg 0.0 0.0 -90.0 0.0
img_811.jpg 0.0 0.0 -90.0 0.0
img_812.jpg 0.0 0.0 90.0 0.0
img_813.jpg 0.0 0.0 90.0 0.0
img_814.jpg 0.0 0.0 90.0 0.0
img_815.jpg 0.0 0.0 90.0 0.0
img_816.jpg 0.0 0.0 90.0 0.0
img_817.jpg 0.0 0.0 90.0 0.0
img_818.jpg 0.0 0.0 90.0 0.0
img_819.jpg 0.0 0.0 0.0 -54.0222167969
img_820.jpg 0.0 0.0 0.0 -99.9969482422
img_821.jpg 0.0 0.0 0.0 -99.9969482422
img_822.jpg 0.0 0.0 0.0 -99.9969482422
img_823.jpg 0.0 0.0 0.0 100.0
img_824.jpg 0.0 0.0 0.0 100.0
img_825.jpg 40.0 0.0 0.0 0.0
img_826.jpg 40.0 0.0 0.0 0.0
img_827.jpg 40.0 0.0 0.0 0.0
img_828.jpg 40.0 0.0 0.0 0.0
img_829.jpg 40.0 0.0 0.0 0.0
img_830.jpg 40.0 0.0 0.0 0.0
img_831.jpg 40.0 0.0 0.0 0.0
img_832.jpg 40.0 0.0 0.0 0.0
img_833.jpg 40.0 0.0 0.0 0.0
img_834.jpg 40.0 0.0 0.0 0.0
img_835.jpg 40.0 0.0 0.0 0.0
img_836.jpg 40.0 0.0 0.0 0.0
img_837.jpg 40.0 0.0 0.0 0.0
img_838.jpg 40.0 0.0 0.0 0.0
img_839.jpg 40.0 0.0 0.0 0.0
img_840.jpg 40.0 0.0 0.0 0.0
img_841.jpg 40.0 0.0 0.0 0.0
img_842.jpg 40.0 0.0 0.0 0.0
img_843.jpg 40.0 0.0 0.0 0.0
img_844.jpg 40.0 0.0 0.0 0.0
img_845.jpg 40.0 0.0 0.0 0.0
img_846.jpg 40.0 0.0 0.0 0.0
img_847.jpg 40.0 0.0 0.0 0.0
img_848.jpg 40.0 0.0 0.0 0.0
img_849.jpg 40.0 0.0 0.0 0.0
img_850.jpg 40.0 0.0 0.0 0.0
img_851.jpg 40.0 0.0 0.0 0.0
img_852.jpg 40.0 0.0 0.0 0.0
img_853.jpg 40.0 0.0 0.0 0.0
img_854.jpg 40.0 0.0 0.0 0.0
img_855.jpg 40.0 0.0 0.0 0.0
img_856.jpg -26.8908691406 0.0 0.0 0.0
img_857.jpg -39.9987792969 0.0 0.0 0.0
img_858.jpg -39.9987792969 0.0 0.0 0.0
img_859.jpg -36.3623046875 0.0 0.0 0.0
img_860.jpg 9.34936523438 0.0 0.0 0.0
img_861.jpg 29.8852539062 0.0 0.0 0.0
img_862.jpg 29.8852539062 0.0 0.0 0.0
img_863.jpg 31.7248535156 0.0 0.0 0.0
img_864.jpg 39.541015625 0.0 0.0 0.0
img_865.jpg 39.541015625 0.0 0.0 0.0
img_866.jpg 39.541015625 0.0 0.0 0.0
img_867.jpg 40.0 0.0 0.0 0.0
img_868.jpg 40.0 0.0 0.0 0.0
img_869.jpg 40.0 0.0 0.0 0.0
img_870.jpg 40.0 0.0 0.0 0.0
img_871.jpg 40.0 0.0 0.0 0.0
img_872.jpg 40.0 0.0 0.0 0.0
img_873.jpg 40.0 0.0 0.0 0.0
img_874.jpg 40.0 0.0 0.0 0.0
img_875.jpg 40.0 0.0 0.0 0.0
img_876.jpg -8.87817382812 0.0 0.0 0.0
img_877.jpg -13.7829589844 0.0 0.0 0.0
img_878.jpg -13.8684082031 0.0 0.0 0.0
img_879.jpg -14.375 0.0 0.0 0.0
img_880.jpg -17.2509765625 0.0 0.0 0.0
img_881.jpg -29.4274902344 0.0 0.0 0.0
img_882.jpg -31.1193847656 0.0 0.0 0.0
img_883.jpg -17.0812988281 0.0 0.0 0.0
img_884.jpg -20.9716796875 0.0 0.0 0.0
img_885.jpg -39.9987792969 0.0 0.0 0.0
img_886.jpg -39.9987792969 0.0 0.0 0.0
img_887.jpg -39.9987792969 0.0 0.0 0.0
img_888.jpg -39.9987792969 0.0 0.0 0.0
img_889.jpg -39.9987792969 0.0 0.0 0.0
img_890.jpg -39.9987792969 0.0 0.0 0.0
img_891.jpg -39.9987792969 0.0 0.0 0.0
img_892.jpg -16.6589355469 0.0 0.0 0.0
img_893.jpg 0.0 0.0 -90.0 0.0
img_894.jpg 0.0 0.0 -90.0 0.0
img_895.jpg 0.0 0.0 -90.0 0.0
img_896.jpg 0.0 0.0 -90.0 0.0
img_897.jpg 0.0 0.0 90.0 0.0
img_898.jpg 0.0 0.0 90.0 0.0
img_899.jpg 0.0 0.0 90.0 0.0
img_900.jpg 0.0 0.0 90.0 0.0
img_901.jpg 0.0 0.0 90.0 0.0
img_902.jpg 0.0 0.0 90.0 0.0
img_903.jpg 0.0 0.0 90.0 0.0
img_904.jpg 0.0 0.0 90.0 0.0
img_905.jpg 0.0 0.0 90.0 0.0
img_906.jpg 0.0 0.0 90.0 0.0
img_907.jpg 0.0 0.0 90.0 0.0
img_908.jpg 0.0 0.0 -90.0 0.0
img_909.jpg 0.0 0.0 -90.0 0.0
img_910.jpg 0.0 0.0 -90.0 0.0
img_911.jpg 0.0 0.0 -90.0 0.0
img_912.jpg 0.0 0.0 90.0 0.0
img_913.jpg 0.0 0.0 90.0 0.0
img_914.jpg 0.0 0.0 90.0 0.0
img_915.jpg 0.0 0.0 90.0 0.0
img_916.jpg 0.0 0.0 90.0 0.0
img_917.jpg 0.0 0.0 90.0 0.0
img_918.jpg 0.0 0.0 90.0 0.0
img_919.jpg 0.0 0.0 90.0 0.0
img_920.jpg 0.0 0.0 90.0 0.0
img_921.jpg 0.0 0.0 90.0 0.0
img_922.jpg 0.0 0.0 90.0 0.0
img_923.jpg 0.0 0.0 90.0 0.0
img_924.jpg 0.0 0.0 90.0 0.0
img_925.jpg 0.0 0.0 90.0 0.0
img_926.jpg 0.0 0.0 90.0 0.0
img_927.jpg 0.0 0.0 90.0 0.0
img_928.jpg 0.0 0.0 90.0 0.0
img_929.jpg 0.0 0.0 90.0 0.0
img_930.jpg 0.0 0.0 90.0 0.0
img_931.jpg -39.9987792969 0.0 0.0 0.0
img_932.jpg -39.9987792969 0.0 0.0 0.0
img_933.jpg -39.9987792969 0.0 0.0 0.0
img_934.jpg -39.9987792969 0.0 0.0 0.0
img_935.jpg -39.9987792969 0.0 0.0 0.0
img_936.jpg -39.9987792969 0.0 0.0 0.0
img_937.jpg -39.9987792969 0.0 0.0 0.0
img_938.jpg -31.6259765625 0.0 0.0 0.0
img_939.jpg 0.0 0.0 0.0 33.3343505859
img_940.jpg 0.0 0.0 0.0 22.0886230469
img_941.jpg 0.0 -119.995958643 0.0 0.0
img_942.jpg 0.0 -119.995958643 0.0 0.0
img_943.jpg 0.0 -119.995958643 0.0 0.0
img_944.jpg 0.0 -119.995958643 0.0 0.0
img_945.jpg 0.0 -119.995958643 0.0 0.0
img_946.jpg 33.9624023438 -119.995958643 0.0 0.0
img_947.jpg -39.9987792969 0.0 0.0 0.0
img_948.jpg -39.9987792969 0.0 0.0 0.0
img_949.jpg -39.9987792969 0.0 0.0 0.0
img_950.jpg -39.9987792969 0.0 0.0 0.0
img_951.jpg -39.8291015625 0.0 0.0 0.0
img_952.jpg -39.9987792969 0.0 0.0 0.0
img_953.jpg -39.9987792969 0.0 0.0 0.0
img_954.jpg -39.9987792969 0.0 0.0 0.0
img_955.jpg -39.9987792969 0.0 0.0 0.0
img_956.jpg -39.9987792969 0.0 0.0 0.0
img_957.jpg 40.0 0.0 0.0 0.0
img_958.jpg 40.0 0.0 0.0 0.0
img_959.jpg 40.0 0.0 0.0 0.0
img_960.jpg 40.0 0.0 0.0 0.0
img_961.jpg 40.0 0.0 0.0 0.0
img_962.jpg 40.0 0.0 0.0 0.0
img_963.jpg 0.0 0.0 -90.0 0.0
img_964.jpg 0.0 0.0 -90.0 0.0
img_965.jpg 0.0 0.0 -90.0 0.0
img_966.jpg 0.0 0.0 -90.0 0.0
img_967.jpg 0.0 0.0 90.0 0.0
img_968.jpg 0.0 0.0 90.0 0.0
img_969.jpg 0.0 0.0 90.0 0.0
img_970.jpg 0.0 0.0 90.0 0.0
img_971.jpg 0.0 0.0 90.0 0.0
img_972.jpg 0.0 0.0 90.0 0.0
img_973.jpg 0.0 0.0 90.0 0.0
img_974.jpg 0.0 0.0 90.0 0.0
img_975.jpg -28.7512207031 0.0 0.0 0.0
img_976.jpg -39.9987792969 0.0 0.0 0.0
img_977.jpg -39.9987792969 0.0 0.0 0.0
img_978.jpg -39.9987792969 0.0 0.0 0.0
img_979.jpg -39.9987792969 0.0 0.0 0.0
img_980.jpg -39.9987792969 0.0 0.0 0.0
img_981.jpg -39.9987792969 0.0 0.0 0.0
img_982.jpg -33.740234375 0.0 0.0 0.0
img_983.jpg -39.9987792969 0.0 0.0 0.0
img_984.jpg 0.0 -119.995958643 0.0 0.0
img_985.jpg 0.0 -119.995958643 0.0 0.0
img_986.jpg 0.0 -119.995958643 0.0 0.0
img_987.jpg 40.0 -102.310982386 0.0 0.0
img_988.jpg 40.0 0.0 0.0 0.0
img_989.jpg 40.0 0.0 0.0 0.0
img_990.jpg 40.0 0.0 0.0 0.0
img_991.jpg 0.0 0.0 -90.0 0.0
img_992.jpg 0.0 0.0 -90.0 0.0
img_993.jpg 0.0 0.0 -90.0 0.0
img_994.jpg 0.0 0.0 -90.0 0.0
img_995.jpg 0.0 0.0 -90.0 0.0
img_996.jpg 0.0 0.0 -90.0 0.0
img_997.jpg 0.0 0.0 -90.0 0.0
img_998.jpg 0.0 0.0 -90.0 0.0
img_999.jpg 0.0 0.0 90.0 0.0
img_1000.jpg 0.0 0.0 90.0 0.0
img_1001.jpg 0.0 0.0 90.0 0.0
img_1002.jpg 0.0 0.0 90.0 0.0
img_1003.jpg 0.0 0.0 90.0 0.0
img_1004.jpg 0.0 0.0 90.0 0.0
img_1005.jpg 0.0 0.0 90.0 0.0
img_1006.jpg 0.0 0.0 90.0 0.0
img_1007.jpg 0.0 0.0 90.0 0.0
img_1008.jpg 0.0 0.0 90.0 0.0
img_1009.jpg 10.2648925781 0.0 0.0 0.0
img_1010.jpg 40.0 -119.995958643 0.0 0.0
img_1011.jpg 40.0 -86.6547671168 0.0 0.0
img_1012.jpg 40.0 -114.362307615 0.0 0.0
img_1013.jpg -16.1511230469 0.0 0.0 0.0
img_1014.jpg -25.4528808594 -119.995958643 0.0 0.0
img_1015.jpg 0.0 -83.3691442428 0.0 0.0
img_1016.jpg 2.86865234375 -119.995958643 0.0 0.0
img_1017.jpg 26.11328125 -119.995958643 0.0 0.0
img_1018.jpg 4.68017578125 0.0 0.0 0.0
img_1019.jpg 40.0 0.0 0.0 0.0
img_1020.jpg 26.2646484375 0.0 0.0 0.0
img_1021.jpg 16.4538574219 0.0 0.0 0.0
img_1022.jpg 40.0 0.0 0.0 0.0
img_1023.jpg 40.0 0.0 0.0 0.0
img_1024.jpg 40.0 0.0 0.0 0.0
img_1025.jpg 40.0 0.0 0.0 0.0
img_1026.jpg 40.0 0.0 0.0 0.0
img_1027.jpg 40.0 0.0 0.0 0.0
img_1028.jpg 40.0 0.0 0.0 0.0
img_1029.jpg 40.0 0.0 0.0 0.0
img_1030.jpg 40.0 0.0 0.0 0.0
img_1031.jpg 40.0 0.0 0.0 0.0
img_1032.jpg 40.0 0.0 0.0 0.0
img_1033.jpg 40.0 0.0 0.0 0.0
img_1034.jpg 40.0 0.0 0.0 0.0
img_1035.jpg 40.0 0.0 0.0 0.0
img_1036.jpg 40.0 0.0 0.0 0.0
img_1037.jpg 40.0 0.0 0.0 0.0
img_1038.jpg 40.0 0.0 0.0 0.0
img_1039.jpg 40.0 0.0 0.0 0.0
img_1040.jpg 0.0 0.0 -90.0 0.0
img_1041.jpg 0.0 0.0 -90.0 0.0
img_1042.jpg 0.0 0.0 -90.0 0.0
img_1043.jpg 0.0 0.0 -90.0 0.0
img_1044.jpg 0.0 0.0 90.0 0.0
img_1045.jpg 0.0 0.0 90.0 0.0
img_1046.jpg 0.0 0.0 90.0 0.0
img_1047.jpg 0.0 0.0 90.0 0.0
img_1048.jpg 0.0 0.0 90.0 0.0
img_1049.jpg 0.0 0.0 90.0 0.0
img_1050.jpg 0.0 0.0 90.0 0.0
img_1051.jpg 0.0 0.0 90.0 0.0
img_1052.jpg 0.0 0.0 90.0 0.0
img_1053.jpg 0.0 0.0 90.0 0.0
img_1054.jpg 0.0 0.0 90.0 0.0
img_1055.jpg 0.0 0.0 90.0 0.0
img_1056.jpg 0.0 0.0 0.0 -99.9969482422
img_1057.jpg 0.0 0.0 0.0 -99.9969482422
img_1058.jpg 0.0 0.0 0.0 -99.9969482422
img_1059.jpg 0.0 0.0 0.0 -99.9969482422
img_1060.jpg 0.0 0.0 0.0 100.0
img_1061.jpg 0.0 0.0 0.0 100.0
img_1062.jpg 0.0 0.0 0.0 100.0
img_1063.jpg 0.0 0.0 0.0 -99.9969482422
img_1064.jpg 0.0 0.0 0.0 -99.9969482422
img_1065.jpg 0.0 0.0 0.0 -99.9969482422
img_1066.jpg 0.0 0.0 0.0 -99.9969482422
img_1067.jpg -39.9987792969 0.0 0.0 0.0
img_1068.jpg -39.9987792969 0.0 0.0 0.0
img_1069.jpg -39.9987792969 0.0 0.0 0.0
img_1070.jpg -39.9987792969 0.0 0.0 0.0
img_1071.jpg -39.9987792969 0.0 0.0 0.0
img_1072.jpg -39.9987792969 0.0 0.0 0.0
img_1073.jpg -39.9987792969 0.0 0.0 0.0
img_1074.jpg -39.9987792969 0.0 0.0 0.0
img_1075.jpg -39.9987792969 0.0 0.0 0.0
img_1076.jpg -39.9987792969 0.0 0.0 0.0
img_1077.jpg -39.9987792969 0.0 0.0 0.0
img_1078.jpg 0.0 0.0 90.0 0.0
img_1079.jpg 0.0 0.0 90.0 0.0
img_1080.jpg 0.0 0.0 90.0 0.0
img_1081.jpg 0.0 0.0 90.0 0.0
img_1082.jpg 0.0 0.0 90.0 0.0
img_1083.jpg 0.0 0.0 90.0 0.0
img_1084.jpg 0.0 0.0 90.0 0.0
img_1085.jpg 0.0 0.0 90.0 0.0
img_1086.jpg 0.0 0.0 90.0 0.0
img_1087.jpg 0.0 0.0 90.0 0.0
img_1088.jpg 0.0 0.0 90.0 0.0
img_1089.jpg 21.1328125 0.0 0.0 0.0
img_1090.jpg 40.0 0.0 0.0 0.0
img_1091.jpg 40.0 0.0 0.0 0.0
img_1092.jpg 40.0 0.0 0.0 0.0
img_1093.jpg 40.0 0.0 0.0 0.0
img_1094.jpg 0.0 0.0 -90.0 0.0
img_1095.jpg 0.0 0.0 -90.0 0.0
img_1096.jpg 0.0 0.0 -90.0 0.0
img_1097.jpg 0.0 0.0 90.0 0.0
img_1098.jpg 0.0 0.0 90.0 0.0
img_1099.jpg 0.0 0.0 90.0 0.0
img_1100.jpg 0.0 0.0 90.0 0.0
img_1101.jpg 0.0 0.0 90.0 0.0
img_1102.jpg 0.0 0.0 90.0 0.0
img_1103.jpg 0.0 0.0 90.0 0.0
img_1104.jpg 0.0 0.0 90.0 0.0
img_1105.jpg 0.0 0.0 90.0 0.0
img_1106.jpg 0.0 0.0 90.0 0.0
img_1107.jpg 0.0 0.0 90.0 0.0
img_1108.jpg 0.0 40.8380994894 0.0 0.0
img_1109.jpg 0.0 120.0 0.0 0.0
img_1110.jpg 0.0 0.0 0.0 -8.4716796875
img_1111.jpg 0.0 0.0 0.0 -30.5053710938
img_1112.jpg 0.0 0.0 0.0 -52.5390625
img_1113.jpg 0.0 0.0 0.0 -52.3284912109
img_1114.jpg 0.0 0.0 0.0 -52.3284912109
img_1115.jpg 0.0 0.0 0.0 -60.1654052734
img_1116.jpg 0.0 0.0 0.0 -99.9969482422
img_1117.jpg 0.0 0.0 0.0 -99.9969482422
img_1118.jpg 0.0 0.0 0.0 -99.9969482422
img_1119.jpg 0.0 0.0 0.0 -99.9969482422
img_1120.jpg 0.0 0.0 0.0 -99.9969482422
img_1121.jpg 0.0 0.0 0.0 -77.9632568359
img_1122.jpg 0.0 0.0 0.0 100.0
img_1123.jpg 0.0 0.0 0.0 100.0
img_1124.jpg 0.0 0.0 0.0 100.0
img_1125.jpg 0.0 0.0 0.0 100.0
img_1126.jpg 0.0 0.0 0.0 100.0
img_1127.jpg 0.0 0.0 0.0 100.0
img_1128.jpg 0.0 0.0 0.0 100.0
img_1129.jpg 0.0 0.0 0.0 -91.943359375
img_1130.jpg 0.0 0.0 0.0 -99.9969482422
img_1131.jpg 0.0 0.0 0.0 -86.0137939453
img_1132.jpg 0.0 0.0 0.0 100.0
img_1133.jpg 0.0 120.0 0.0 0.0
img_1134.jpg 0.0 120.0 0.0 0.0
img_1135.jpg -26.044921875 72.8811762408 0.0 0.0
img_1136.jpg -39.9987792969 11.503501381 0.0 0.0
img_1137.jpg -39.9987792969 0.0 0.0 0.0
img_1138.jpg -39.9987792969 0.0 0.0 0.0
img_1139.jpg 40.0 0.0 0.0 0.0
img_1140.jpg 40.0 0.0 0.0 0.0
img_1141.jpg 40.0 0.0 0.0 0.0
img_1142.jpg 40.0 0.0 0.0 0.0
img_1143.jpg 40.0 0.0 0.0 0.0
img_1144.jpg 0.0 62.0070864604 0.0 0.0
img_1145.jpg -9.63989257812 120.0 0.0 0.0
img_1146.jpg 0.0 120.0 0.0 0.0
img_1147.jpg 0.0 116.133136177 0.0 0.0
img_1148.jpg 0.0 63.2156906509 0.0 0.0
img_1149.jpg 0.0 120.0 0.0 0.0
img_1150.jpg 0.0 120.0 0.0 0.0
