img_235.jpg 0.0 0.0 90.0 0.0
img_236.jpg 0.0 0.0 90.0 0.0
img_237.jpg 0.0 0.0 90.0 0.0
img_238.jpg 0.0 0.0 90.0 0.0
img_239.jpg 0.0 0.0 90.0 0.0
img_240.jpg 0.0 0.0 90.0 0.0
img_241.jpg 0.0 0.0 90.0 0.0
img_242.jpg 0.0 0.0 90.0 0.0
img_243.jpg 0.0 0.0 90.0 0.0
img_244.jpg 0.0 0.0 90.0 0.0
img_245.jpg 0.0 0.0 90.0 0.0
img_246.jpg 0.0 62.9810963029 0.0 0.0
img_247.jpg 0.0 120.0 0.0 0.0
img_248.jpg 0.0 120.0 0.0 0.0
img_249.jpg 0.0 120.0 0.0 0.0
img_250.jpg 0.0 120.0 0.0 0.0
img_251.jpg 0.0 120.0 0.0 0.0
img_252.jpg 0.0 120.0 0.0 0.0
img_253.jpg 0.0 120.0 0.0 0.0
img_254.jpg 0.0 120.0 0.0 0.0
img_255.jpg 0.0 120.0 0.0 0.0
img_256.jpg 0.0 120.0 0.0 0.0
img_257.jpg 0.0 120.0 0.0 0.0
img_258.jpg 0.0 120.0 0.0 0.0
img_259.jpg 0.0 120.0 0.0 0.0
img_260.jpg 0.0 120.0 0.0 0.0
img_261.jpg 0.0 120.0 0.0 0.0
img_262.jpg 0.0 120.0 0.0 0.0
img_263.jpg 0.0 120.0 0.0 0.0
img_264.jpg 0.0 120.0 0.0 0.0
img_265.jpg 0.0 120.0 0.0 0.0
img_266.jpg 0.0 120.0 -90.0 0.0
img_267.jpg 0.0 120.0 -90.0 0.0
img_268.jpg 0.0 39.2427368538 -90.0 0.0
img_269.jpg 0.0 0.0 -90.0 0.0
img_270.jpg 0.0 0.0 -90.0 0.0
img_271.jpg 0.0 0.0 -90.0 0.0
img_272.jpg 0.0 0.0 -90.0 0.0
img_273.jpg 0.0 0.0 -90.0 0.0
img_274.jpg 0.0 0.0 -90.0 0.0
img_275.jpg 0.0 0.0 -90.0 0.0
img_276.jpg 0.0 -119.995955511 -90.0 0.0
img_277.jpg 0.0 -119.995955511 -90.0 0.0
img_278.jpg 0.0 -119.995955511 -90.0 0.0
img_279.jpg 0.0 -119.995955511 -90.0 0.0
img_280.jpg 0.0 -119.995955511 -90.0 0.0
img_281.jpg 0.0 -119.995955511 -90.0 0.0
img_282.jpg 0.0 -119.995955511 -90.0 0.0
img_283.jpg 0.0 -119.995955511 -90.0 0.0
img_284.jpg 0.0 -119.995955511 -90.0 0.0
img_285.jpg 0.0 -119.995955511 -90.0 0.0
img_286.jpg 0.0 -119.995955511 -90.0 0.0
img_287.jpg 0.0 -119.995955511 -90.0 0.0
img_288.jpg 0.0 -119.995955511 -90.0 0.0
img_289.jpg 0.0 0.0 -90.0 0.0
img_290.jpg 0.0 0.0 -90.0 0.0
img_291.jpg 0.0 0.0 -90.0 0.0
img_292.jpg 0.0 0.0 -90.0 0.0
img_293.jpg 0.0 0.0 -90.0 0.0
img_294.jpg 0.0 0.0 -90.0 0.0
img_295.jpg 0.0 0.0 -90.0 0.0
img_296.jpg 0.0 0.0 -90.0 0.0
img_297.jpg 0.0 0.0 -90.0 0.0
img_298.jpg 0.0 0.0 -90.0 0.0
img_299.jpg 0.0 0.0 -90.0 0.0
img_300.jpg 0.0 0.0 -90.0 0.0
img_301.jpg 0.0 0.0 -90.0 0.0
img_302.jpg 0.0 0.0 -90.0 0.0
img_303.jpg 0.0 0.0 -90.0 0.0
img_304.jpg 16.3464355469 0.0 0.0 0.0
img_305.jpg 32.8857421875 0.0 0.0 0.0
img_306.jpg 35.0 0.0 0.0 0.0
img_307.jpg 35.1928710938 0.0 0.0 0.0
img_308.jpg 35.1928710938 0.0 0.0 0.0
img_309.jpg 35.1928710938 0.0 0.0 0.0
img_310.jpg 2.69287109375 0.0 0.0 0.0
img_311.jpg 0.0 52.4585958847 0.0 0.0
img_312.jpg 0.0 120.0 0.0 0.0
img_313.jpg 0.0 120.0 0.0 0.0
img_314.jpg 0.0 120.0 0.0 0.0
img_315.jpg 0.0 120.0 0.0 0.0
img_316.jpg 0.0 120.0 0.0 0.0
img_317.jpg 0.0 120.0 0.0 0.0
img_318.jpg 0.0 120.0 0.0 0.0
img_319.jpg 0.0 120.0 0.0 0.0
img_320.jpg 0.0 120.0 0.0 0.0
img_321.jpg 0.0 120.0 0.0 0.0
img_322.jpg 0.0 120.0 0.0 0.0
img_323.jpg 0.0 120.0 0.0 0.0
img_324.jpg 0.0 120.0 0.0 0.0
img_325.jpg 0.0 120.0 0.0 0.0
img_326.jpg 0.0 120.0 0.0 0.0
img_327.jpg 0.0 120.0 0.0 0.0
img_328.jpg 0.0 120.0 0.0 0.0
img_329.jpg 0.0 120.0 -90.0 0.0
img_330.jpg 0.0 120.0 -90.0 0.0
img_331.jpg 0.0 120.0 -90.0 0.0
img_332.jpg 0.0 68.7057380249 -90.0 0.0
img_333.jpg 0.0 0.0 -90.0 0.0
img_334.jpg 0.0 0.0 -90.0 0.0
img_335.jpg 0.0 0.0 -90.0 0.0
img_336.jpg 0.0 0.0 -90.0 0.0
img_337.jpg 0.0 0.0 -90.0 0.0
img_338.jpg 0.0 0.0 -90.0 0.0
img_339.jpg 0.0 0.0 -90.0 0.0
img_340.jpg 0.0 -102.956521739 -90.0 0.0
img_341.jpg 0.0 -119.995955511 -90.0 0.0
img_342.jpg 0.0 -119.995955511 -90.0 0.0
img_343.jpg 0.0 -119.995955511 -90.0 0.0
img_344.jpg 0.0 -119.995955511 -90.0 0.0
img_345.jpg 0.0 -119.995955511 -90.0 0.0
img_346.jpg 0.0 -119.995955511 -90.0 0.0
img_347.jpg 0.0 -119.995955511 -90.0 0.0
img_348.jpg 0.0 -119.995955511 -90.0 0.0
img_349.jpg 0.0 -119.995955511 -90.0 0.0
img_350.jpg 0.0 -119.995955511 -90.0 0.0
img_351.jpg 0.0 -119.995955511 -90.0 0.0
img_352.jpg 0.0 -119.995955511 -90.0 0.0
img_353.jpg 0.0 -119.995955511 -90.0 0.0
img_354.jpg 0.0 -119.995955511 -90.0 0.0
img_355.jpg 0.0 -119.995955511 -90.0 0.0
img_356.jpg 0.0 -119.995955511 -90.0 0.0
img_357.jpg 0.0 -119.995955511 -90.0 0.0
img_358.jpg -6.826171875 0.0 0.0 0.0
img_359.jpg -12.1655273438 0.0 0.0 0.0
img_360.jpg -14.4409179688 0.0 0.0 0.0
img_361.jpg -14.7033691406 0.0 0.0 0.0
img_362.jpg -15.4040527344 0.0 0.0 0.0
img_363.jpg -18.9916992188 0.0 0.0 0.0
img_364.jpg -23.10546875 0.0 0.0 0.0
img_365.jpg -23.193359375 0.0 0.0 0.0
img_366.jpg -23.193359375 0.0 0.0 0.0
img_367.jpg -24.4189453125 0.0 0.0 0.0
img_368.jpg -25.2941894531 0.0 0.0 0.0
img_369.jpg -25.2941894531 0.0 0.0 0.0
img_370.jpg -25.2941894531 0.0 0.0 0.0
img_371.jpg -25.2941894531 0.0 0.0 0.0
img_372.jpg -25.2941894531 0.0 0.0 0.0
img_373.jpg -25.2941894531 0.0 0.0 0.0
img_374.jpg 0.0 8.03323481849 0.0 0.0
img_375.jpg 0.0 86.2108961133 0.0 0.0
img_376.jpg 0.0 120.0 0.0 0.0
img_377.jpg 0.0 120.0 0.0 0.0
img_378.jpg 0.0 120.0 0.0 0.0
img_379.jpg 0.0 120.0 0.0 0.0
img_380.jpg 0.0 120.0 0.0 0.0
img_381.jpg 0.0 120.0 0.0 0.0
img_382.jpg 0.0 60.6825405677 0.0 0.0
img_383.jpg -9.71435546875 0.0 0.0 0.0
img_384.jpg -16.8041992188 0.0 0.0 0.0
img_385.jpg -17.4169921875 0.0 0.0 0.0
img_386.jpg -17.8540039062 0.0 0.0 0.0
img_387.jpg -17.8540039062 0.0 0.0 0.0
img_388.jpg -17.8540039062 0.0 0.0 0.0
img_389.jpg -18.466796875 0.0 0.0 0.0
img_390.jpg -18.3801269531 0.0 0.0 0.0
img_391.jpg -18.3801269531 0.0 0.0 0.0
img_392.jpg -18.3801269531 0.0 0.0 0.0
img_393.jpg -18.3801269531 0.0 0.0 0.0
img_394.jpg -19.0795898438 0.0 0.0 0.0
img_395.jpg -20.1306152344 0.0 0.0 0.0
img_396.jpg -21.6174316406 0.0 0.0 0.0
img_397.jpg -22.6684570312 0.0 0.0 0.0
img_398.jpg -23.0187988281 0.0 0.0 0.0
img_399.jpg -23.4558105469 0.0 0.0 0.0
img_400.jpg -23.4558105469 0.0 0.0 0.0
img_401.jpg -23.4558105469 0.0 0.0 0.0
img_402.jpg -14.9658203125 0.0 0.0 0.0
img_403.jpg 0.0 30.7845870741 0.0 0.0
img_404.jpg 0.0 105.41236826 0.0 0.0
img_405.jpg 0.0 120.0 0.0 0.0
img_406.jpg 0.0 120.0 0.0 0.0
img_407.jpg 0.0 120.0 0.0 0.0
img_408.jpg 0.0 120.0 0.0 0.0
img_409.jpg 0.0 120.0 0.0 0.0
img_410.jpg 0.0 120.0 0.0 0.0
img_411.jpg 0.0 120.0 0.0 0.0
img_412.jpg 0.0 120.0 0.0 0.0
img_413.jpg 0.0 120.0 0.0 0.0
img_414.jpg 0.0 120.0 -90.0 0.0
img_415.jpg 0.0 96.9040316735 -90.0 0.0
img_416.jpg 0.0 0.0 -90.0 0.0
img_417.jpg 0.0 0.0 -90.0 0.0
img_418.jpg 0.0 0.0 -90.0 0.0
img_419.jpg 0.0 0.0 -90.0 0.0
img_420.jpg 0.0 0.0 -90.0 0.0
img_421.jpg 0.0 0.0 -90.0 0.0
img_422.jpg 0.0 0.0 -90.0 0.0
img_423.jpg 0.0 -85.6905965622 -90.0 0.0
img_424.jpg 0.0 -119.995955511 -90.0 0.0
img_425.jpg 0.0 -119.995955511 -90.0 0.0
img_426.jpg 0.0 -119.995955511 -90.0 0.0
img_427.jpg 0.0 -119.995955511 -90.0 0.0
img_428.jpg 0.0 -119.995955511 -90.0 0.0
img_429.jpg 0.0 -119.995955511 -90.0 0.0
img_430.jpg 0.0 -119.995955511 -90.0 0.0
img_431.jpg 0.0 -119.995955511 -90.0 0.0
img_432.jpg 0.0 -119.995955511 -90.0 0.0
img_433.jpg 0.0 -119.995955511 -90.0 0.0
img_434.jpg 0.0 -112.06471183 -90.0 0.0
img_435.jpg 0.0 -76.5985844287 -90.0 0.0
img_436.jpg 0.0 0.0 -90.0 0.0
img_437.jpg 0.0 0.0 -90.0 0.0
img_438.jpg 0.0 0.0 -90.0 0.0
img_439.jpg 0.0 0.0 -90.0 0.0
img_440.jpg 0.0 0.0 -90.0 0.0
img_441.jpg 0.0 0.0 90.0 0.0
img_442.jpg 0.0 0.0 90.0 0.0
img_443.jpg 0.0 0.0 90.0 0.0
img_444.jpg 0.0 0.0 90.0 0.0
img_445.jpg 0.0 0.0 90.0 0.0
img_446.jpg 0.0 0.0 90.0 0.0
img_447.jpg 19.423828125 0.0 0.0 0.0
img_448.jpg 27.3083496094 0.0 0.0 0.0
img_449.jpg 27.3083496094 0.0 0.0 0.0
img_450.jpg 27.3083496094 0.0 0.0 0.0
img_451.jpg 27.3083496094 0.0 0.0 0.0
img_452.jpg 27.3083496094 0.0 0.0 0.0
img_453.jpg 27.3083496094 0.0 0.0 0.0
img_454.jpg 23.0773925781 0.0 0.0 0.0
img_455.jpg 0.0 0.0 90.0 0.0
img_456.jpg 0.0 0.0 90.0 0.0
img_457.jpg 0.0 0.0 90.0 0.0
img_458.jpg 0.0 0.0 90.0 0.0
img_459.jpg 0.0 0.0 90.0 0.0
img_460.jpg 0.0 0.0 90.0 0.0
img_461.jpg 0.0 35.1608765962 0.0 0.0
img_462.jpg 0.0 120.0 0.0 0.0
img_463.jpg 0.0 120.0 0.0 0.0
img_464.jpg 0.0 120.0 0.0 0.0
img_465.jpg 0.0 120.0 0.0 0.0
img_466.jpg 0.0 120.0 0.0 0.0
img_467.jpg 0.0 120.0 0.0 0.0
img_468.jpg 0.0 120.0 0.0 0.0
img_469.jpg 0.0 120.0 0.0 0.0
img_470.jpg 0.0 120.0 0.0 0.0
img_471.jpg 0.0 120.0 0.0 0.0
img_472.jpg 0.0 120.0 0.0 0.0
img_473.jpg 0.0 120.0 0.0 0.0
img_474.jpg 0.0 120.0 0.0 0.0
img_475.jpg 0.0 120.0 0.0 0.0
img_476.jpg 0.0 120.0 0.0 0.0
img_477.jpg 0.0 120.0 0.0 0.0
img_478.jpg 0.0 120.0 0.0 0.0
img_479.jpg 0.0 120.0 -90.0 0.0
img_480.jpg 0.0 57.7683600067 -90.0 0.0
img_481.jpg 0.0 14.0121563598 -90.0 0.0
img_482.jpg 0.0 0.0 -90.0 0.0
img_483.jpg 0.0 0.0 -90.0 0.0
img_484.jpg 0.0 0.0 -90.0 0.0
img_485.jpg 0.0 0.0 -90.0 0.0
img_486.jpg 0.0 0.0 -90.0 0.0
img_487.jpg 0.0 0.0 -90.0 0.0
img_488.jpg 0.0 0.0 -90.0 0.0
img_489.jpg 0.0 0.0 -90.0 0.0
img_490.jpg 0.0 0.0 -90.0 0.0
img_491.jpg 0.0 -56.0647118301 -90.0 0.0
img_492.jpg 0.0 -119.995955511 -90.0 0.0
img_493.jpg 0.0 -119.995955511 -90.0 0.0
img_494.jpg 0.0 -119.995955511 -90.0 0.0
img_495.jpg 0.0 -119.995955511 -90.0 0.0
img_496.jpg 0.0 -119.995955511 -90.0 0.0
img_497.jpg 0.0 -119.995955511 -90.0 0.0
img_498.jpg 0.0 -119.995955511 -90.0 0.0
img_499.jpg 0.0 -119.995955511 -90.0 0.0
img_500.jpg 0.0 -119.995955511 -90.0 0.0
img_501.jpg 0.0 -119.995955511 -90.0 0.0
img_502.jpg 0.0 -119.995955511 -90.0 0.0
img_503.jpg 0.0 -119.995955511 -90.0 0.0
img_504.jpg 0.0 -119.995955511 -90.0 0.0
img_505.jpg 0.0 -119.995955511 -90.0 0.0
img_506.jpg 0.0 -119.995955511 -90.0 0.0
img_507.jpg 0.0 0.0 -90.0 0.0
img_508.jpg 0.0 0.0 -90.0 0.0
img_509.jpg -5.6005859375 0.0 0.0 0.0
img_510.jpg -12.6904296875 0.0 0.0 0.0
img_511.jpg -17.2412109375 0.0 0.0 0.0
img_512.jpg -17.7673339844 0.0 0.0 0.0
img_513.jpg -18.7292480469 0.0 0.0 0.0
img_514.jpg -22.3181152344 0.0 0.0 0.0
img_515.jpg -25.8190917969 0.0 0.0 0.0
img_516.jpg -26.5197753906 0.0 0.0 0.0
img_517.jpg -26.5197753906 0.0 0.0 0.0
img_518.jpg -26.6064453125 0.0 0.0 0.0
img_519.jpg -27.2192382812 0.0 0.0 0.0
img_520.jpg -27.4816894531 0.0 0.0 0.0
img_521.jpg -27.5695800781 0.0 0.0 0.0
img_522.jpg -27.6574707031 0.0 0.0 0.0
img_523.jpg -27.6574707031 0.0 0.0 0.0
img_524.jpg -27.6574707031 0.0 0.0 0.0
img_525.jpg -27.5695800781 0.0 0.0 0.0
img_526.jpg 0.0 39.2929236603 0.0 0.0
img_527.jpg 0.0 83.2933697652 0.0 0.0
img_528.jpg 0.0 95.6895109575 0.0 0.0
img_529.jpg 0.0 97.6334132605 0.0 0.0
img_530.jpg 0.0 97.8776557185 0.0 0.0
img_531.jpg 0.0 99.0921764345 0.0 0.0
img_532.jpg 0.0 107.844755479 0.0 0.0
img_533.jpg 0.0 120.0 0.0 0.0
img_534.jpg 0.0 120.0 0.0 0.0
img_535.jpg 0.0 120.0 0.0 0.0
img_536.jpg 0.0 120.0 0.0 0.0
img_537.jpg 0.0 120.0 0.0 0.0
img_538.jpg 0.0 120.0 0.0 0.0
img_539.jpg 0.0 120.0 0.0 0.0
img_540.jpg 0.0 86.4517927843 0.0 0.0
img_541.jpg 4.80834960938 0.0 0.0 0.0
img_542.jpg 20.3857421875 0.0 0.0 0.0
img_543.jpg 20.9619140625 0.0 0.0 0.0
img_544.jpg 20.9619140625 0.0 0.0 0.0
img_545.jpg 20.9619140625 0.0 0.0 0.0
img_546.jpg 20.9619140625 0.0 0.0 0.0
img_547.jpg 20.9619140625 0.0 0.0 0.0
img_548.jpg 20.9619140625 0.0 0.0 0.0
img_549.jpg 20.9619140625 0.0 0.0 0.0
img_550.jpg 20.9619140625 0.0 0.0 0.0
img_551.jpg 20.9619140625 0.0 0.0 0.0
img_552.jpg 20.9619140625 0.0 0.0 0.0
img_553.jpg 20.9619140625 0.0 0.0 0.0
img_554.jpg 20.7702636719 0.0 0.0 0.0
img_555.jpg 20.5773925781 0.0 0.0 0.0
img_556.jpg 0.0 68.2205988959 0.0 0.0
img_557.jpg 0.0 103.468465957 0.0 0.0
img_558.jpg 0.0 103.468465957 0.0 0.0
img_559.jpg 0.0 104.927229131 0.0 0.0
img_560.jpg 0.0 104.927229131 0.0 0.0
img_561.jpg 0.0 104.927229131 0.0 0.0
img_562.jpg 0.0 104.927229131 0.0 0.0
img_563.jpg 0.0 104.927229131 0.0 0.0
img_564.jpg 0.0 104.442090002 0.0 0.0
img_565.jpg 0.0 104.442090002 0.0 0.0
img_566.jpg 0.0 104.442090002 -90.0 0.0
img_567.jpg 0.0 104.442090002 -90.0 0.0
img_568.jpg 0.0 104.442090002 -90.0 0.0
img_569.jpg 0.0 104.442090002 -90.0 0.0
img_570.jpg 0.0 104.442090002 -90.0 0.0
img_571.jpg 0.0 104.197847544 -90.0 0.0
img_572.jpg 0.0 94.2307477834 -90.0 0.0
img_573.jpg 0.0 35.6493615123 -90.0 0.0
img_574.jpg 0.0 0.0 -90.0 0.0
img_575.jpg 0.0 0.0 -90.0 0.0
img_576.jpg 0.0 0.0 -90.0 0.0
img_577.jpg 0.0 -119.995955511 -90.0 0.0
img_578.jpg 0.0 -119.995955511 -90.0 0.0
img_579.jpg 0.0 -119.995955511 -90.0 0.0
img_580.jpg 0.0 -119.995955511 -90.0 0.0
img_581.jpg 0.0 -119.995955511 -90.0 0.0
img_582.jpg 0.0 -119.995955511 -90.0 0.0
img_583.jpg 0.0 -119.995955511 -90.0 0.0
img_584.jpg 0.0 -119.995955511 -90.0 0.0
img_585.jpg 0.0 -119.995955511 -90.0 0.0
img_586.jpg 0.0 -119.995955511 -90.0 0.0
img_587.jpg 0.0 -119.995955511 -90.0 0.0
img_588.jpg 0.0 -119.995955511 -90.0 0.0
img_589.jpg 0.0 -119.995955511 -90.0 0.0
img_590.jpg 0.0 -119.995955511 -90.0 0.0
img_591.jpg 0.0 -119.995955511 -90.0 0.0
img_592.jpg 0.0 -119.995955511 -90.0 0.0
img_593.jpg 0.0 -119.995955511 -90.0 0.0
img_594.jpg 0.0 -119.995955511 -90.0 0.0
img_595.jpg 0.0 -119.995955511 -90.0 0.0
img_596.jpg 0.0 -85.9332659252 0.0 0.0
img_597.jpg 0.0 -79.3973710819 0.0 0.0
img_598.jpg 0.0 -27.5995955511 0.0 0.0
img_599.jpg 0.0 0.0 90.0 0.0
img_600.jpg 0.0 0.0 90.0 0.0
img_601.jpg 0.0 0.0 90.0 0.0
img_602.jpg 0.0 0.0 90.0 0.0
img_603.jpg 0.0 0.0 90.0 0.0
img_604.jpg 0.0 0.0 90.0 0.0
img_605.jpg 2.30834960938 0.0 0.0 0.0
img_606.jpg 2.30834960938 0.0 0.0 0.0
img_607.jpg 2.30834960938 0.0 0.0 0.0
img_608.jpg 2.30834960938 0.0 0.0 0.0
img_609.jpg 2.69287109375 0.0 0.0 0.0
img_610.jpg 2.8857421875 0.0 0.0 0.0
img_611.jpg 7.30834960938 0.0 0.0 0.0
img_612.jpg 9.03930664062 0.0 0.0 0.0
img_613.jpg 10.0 0.0 0.0 0.0
img_614.jpg 10.3857421875 0.0 0.0 0.0
img_615.jpg 10.3857421875 0.0 0.0 0.0
img_616.jpg 10.3857421875 0.0 0.0 0.0
img_617.jpg 13.4619140625 0.0 0.0 0.0
img_618.jpg 19.423828125 0.0 0.0 0.0
img_619.jpg 23.8464355469 0.0 0.0 0.0
img_620.jpg 26.7309570312 0.0 0.0 0.0
img_621.jpg 27.1154785156 0.0 0.0 0.0
img_622.jpg 26.923828125 0.0 0.0 0.0
img_623.jpg 0.0 0.0 90.0 0.0
img_624.jpg 0.0 0.0 90.0 0.0
img_625.jpg 0.0 0.0 90.0 0.0
img_626.jpg 0.0 0.0 90.0 0.0
img_627.jpg 0.0 0.0 90.0 0.0
img_628.jpg 0.0 0.0 90.0 0.0
img_629.jpg 0.0 62.8740311158 0.0 0.0
img_630.jpg 0.0 120.0 0.0 0.0
img_631.jpg 0.0 120.0 0.0 0.0
img_632.jpg 0.0 120.0 0.0 0.0
img_633.jpg 0.0 120.0 0.0 0.0
img_634.jpg 0.0 120.0 0.0 0.0
img_635.jpg 0.0 120.0 0.0 0.0
img_636.jpg 0.0 120.0 0.0 0.0
img_637.jpg 0.0 120.0 0.0 0.0
img_638.jpg 0.0 120.0 0.0 0.0
img_639.jpg 0.0 120.0 0.0 0.0
img_640.jpg 0.0 120.0 0.0 0.0
img_641.jpg 0.0 120.0 0.0 0.0
img_642.jpg 0.0 120.0 0.0 0.0
img_643.jpg 0.0 120.0 0.0 0.0
img_644.jpg 0.0 120.0 0.0 0.0
img_645.jpg 0.0 120.0 0.0 0.0
img_646.jpg 0.0 120.0 0.0 0.0
img_647.jpg 0.0 120.0 -90.0 0.0
img_648.jpg 0.0 53.3920704846 -90.0 0.0
img_649.jpg 0.0 0.0 -90.0 0.0
img_650.jpg 0.0 0.0 -90.0 0.0
img_651.jpg 0.0 0.0 -90.0 0.0
img_652.jpg 0.0 0.0 -90.0 0.0
img_653.jpg 0.0 0.0 -90.0 0.0
img_654.jpg 0.0 0.0 -90.0 0.0
img_655.jpg 0.0 0.0 -90.0 0.0
img_656.jpg 0.0 0.0 -90.0 0.0
img_657.jpg 0.0 -86.3983822042 -90.0 0.0
img_658.jpg 0.0 -119.995955511 -90.0 0.0
img_659.jpg 0.0 -119.995955511 -90.0 0.0
img_660.jpg 0.0 -119.995955511 -90.0 0.0
img_661.jpg 0.0 -119.995955511 -90.0 0.0
img_662.jpg 0.0 -119.995955511 -90.0 0.0
img_663.jpg 0.0 -119.995955511 -90.0 0.0
img_664.jpg 0.0 -119.995955511 -90.0 0.0
img_665.jpg 0.0 -119.995955511 -90.0 0.0
img_666.jpg 0.0 -119.995955511 -90.0 0.0
img_667.jpg 0.0 -119.995955511 -90.0 0.0
img_668.jpg 0.0 -119.995955511 -90.0 0.0
img_669.jpg 0.0 0.0 -90.0 0.0
img_670.jpg 0.0 0.0 -90.0 0.0
img_671.jpg 0.0 0.0 -90.0 0.0
img_672.jpg 0.0 0.0 -90.0 0.0
img_673.jpg 0.0 0.0 90.0 0.0
img_674.jpg 0.0 0.0 90.0 0.0
img_675.jpg 0.0 0.0 90.0 0.0
img_676.jpg 0.0 0.0 90.0 0.0
img_677.jpg 0.0 0.0 90.0 0.0
img_678.jpg 0.0 0.0 90.0 0.0
img_679.jpg 0.0 0.0 90.0 0.0
img_680.jpg 0.0 0.0 90.0 0.0
img_681.jpg 23.8464355469 0.0 0.0 0.0
img_682.jpg 29.423828125 0.0 0.0 0.0
img_683.jpg 29.423828125 0.0 0.0 0.0
img_684.jpg 30.1928710938 0.0 0.0 0.0
img_685.jpg 34.2309570312 0.0 0.0 0.0
img_686.jpg 35.5773925781 0.0 0.0 0.0
img_687.jpg 35.7702636719 0.0 0.0 0.0
img_688.jpg 35.7702636719 0.0 0.0 0.0
img_689.jpg 35.7702636719 0.0 0.0 0.0
img_690.jpg 35.3857421875 0.0 0.0 0.0
img_691.jpg 30.9619140625 0.0 0.0 0.0
img_692.jpg -3.5009765625 0.0 0.0 0.0
img_693.jpg -3.67553710938 0.0 0.0 0.0
img_694.jpg -3.58764648438 0.0 0.0 0.0
img_695.jpg -3.76342773438 0.0 0.0 0.0
img_696.jpg -11.46484375 0.0 0.0 0.0
img_697.jpg -15.6665039062 0.0 0.0 0.0
img_698.jpg -17.5048828125 0.0 0.0 0.0
img_699.jpg -17.5048828125 0.0 0.0 0.0
img_700.jpg -17.5048828125 0.0 0.0 0.0
img_701.jpg -17.5048828125 0.0 0.0 0.0
img_702.jpg -17.4169921875 0.0 0.0 0.0
img_703.jpg -17.4169921875 0.0 0.0 0.0
img_704.jpg -17.5048828125 0.0 0.0 0.0
img_705.jpg -18.1164550781 0.0 0.0 0.0
img_706.jpg 0.0 20.5765906429 0.0 0.0
img_707.jpg 0.0 92.5310879384 0.0 0.0
img_708.jpg 0.0 105.41236826 0.0 0.0
img_709.jpg 0.0 106.871131434 0.0 0.0
img_710.jpg 0.0 110.03290024 0.0 0.0
img_711.jpg 0.0 110.03290024 0.0 0.0
img_712.jpg 0.0 109.788657782 0.0 0.0
img_713.jpg 0.0 109.788657782 0.0 0.0
img_714.jpg 0.0 109.544415324 0.0 0.0
img_715.jpg 0.0 109.544415324 0.0 0.0
img_716.jpg 0.0 109.544415324 0.0 0.0
img_717.jpg 0.0 109.544415324 0.0 0.0
img_718.jpg 0.0 109.544415324 0.0 0.0
img_719.jpg 0.0 109.788657782 0.0 0.0
img_720.jpg 0.0 109.788657782 0.0 0.0
img_721.jpg 0.0 110.03290024 0.0 0.0
img_722.jpg 0.0 110.03290024 0.0 0.0
img_723.jpg 0.0 109.788657782 -90.0 0.0
img_724.jpg 0.0 73.811409134 -90.0 0.0
img_725.jpg 0.0 0.0 -90.0 0.0
img_726.jpg 0.0 0.0 -90.0 0.0
img_727.jpg 0.0 0.0 -90.0 0.0
img_728.jpg 0.0 0.0 -90.0 0.0
img_729.jpg 0.0 0.0 -90.0 0.0
img_730.jpg 0.0 0.0 -90.0 0.0
img_731.jpg 0.0 0.0 -90.0 0.0
img_732.jpg 0.0 -43.9352881699 -90.0 0.0
img_733.jpg 0.0 -119.995955511 -90.0 0.0
img_734.jpg 0.0 -119.995955511 -90.0 0.0
img_735.jpg 0.0 -119.995955511 -90.0 0.0
img_736.jpg 0.0 -119.995955511 -90.0 0.0
img_737.jpg 0.0 -119.995955511 -90.0 0.0
img_738.jpg 0.0 -119.995955511 -90.0 0.0
img_739.jpg 0.0 -119.995955511 -90.0 0.0
img_740.jpg 0.0 -119.995955511 -90.0 0.0
img_741.jpg 0.0 -119.995955511 -90.0 0.0
img_742.jpg 0.0 -119.995955511 -90.0 0.0
img_743.jpg -14.00390625 -119.995955511 -90.0 0.0
img_744.jpg -29.8449707031 -116.732052578 -90.0 0.0
img_745.jpg -39.9987792969 -82.6653185035 -90.0 0.0
img_746.jpg -39.9987792969 -78.9322548028 -90.0 0.0
img_747.jpg -32.6477050781 -24.8008088979 -90.0 0.0
img_748.jpg -2.47802734375 0.0 -90.0 0.0
img_749.jpg 0.0 0.0 -90.0 0.0
img_750.jpg 0.0 0.0 -90.0 0.0
img_751.jpg 0.0 0.0 -90.0 0.0
img_752.jpg 0.0 0.0 -90.0 0.0
img_753.jpg 0.0 0.0 -90.0 0.0
img_754.jpg 0.0 0.0 -90.0 0.0
img_755.jpg 0.0 0.0 -90.0 0.0
img_756.jpg 0.0 0.0 -90.0 0.0
img_757.jpg 0.0 0.0 90.0 0.0
img_758.jpg 0.0 0.0 90.0 0.0
img_759.jpg 0.0 0.0 90.0 0.0
img_760.jpg 0.0 0.0 90.0 0.0
img_761.jpg 0.0 0.0 90.0 0.0
img_762.jpg 0.0 0.0 90.0 0.0
img_763.jpg 12.3083496094 0.0 0.0 0.0
img_764.jpg 13.6547851562 0.0 0.0 0.0
img_765.jpg 13.6547851562 0.0 0.0 0.0
img_766.jpg 13.6547851562 0.0 0.0 0.0
img_767.jpg 13.8464355469 0.0 0.0 0.0
img_768.jpg 13.8464355469 0.0 0.0 0.0
img_769.jpg 13.8464355469 0.0 0.0 0.0
img_770.jpg 17.5 0.0 0.0 0.0
img_771.jpg 28.8464355469 0.0 0.0 0.0
img_772.jpg 33.4619140625 0.0 0.0 0.0
img_773.jpg 33.6547851562 0.0 0.0 0.0
img_774.jpg 33.6547851562 0.0 0.0 0.0
img_775.jpg 33.6547851562 0.0 0.0 0.0
img_776.jpg 33.4619140625 0.0 0.0 0.0
img_777.jpg 0.0 47.3161211175 0.0 0.0
img_778.jpg 0.0 79.6464618301 0.0 0.0
img_779.jpg 0.0 90.0987007193 0.0 0.0
img_780.jpg 0.0 93.0162270674 0.0 0.0
img_781.jpg 0.0 97.8776557185 0.0 0.0
img_782.jpg 0.0 113.191323259 0.0 0.0
img_783.jpg 0.0 119.755757542 0.0 0.0
img_784.jpg 0.0 119.511515084 0.0 0.0
img_785.jpg 0.0 120.0 0.0 0.0
img_786.jpg 0.0 120.0 0.0 0.0
img_787.jpg 0.0 120.0 0.0 0.0
img_788.jpg 0.0 120.0 0.0 0.0
img_789.jpg 0.0 120.0 0.0 0.0
img_790.jpg 0.0 120.0 0.0 0.0
img_791.jpg 0.0 120.0 -90.0 0.0
img_792.jpg 0.0 69.5288016506 -90.0 0.0
img_793.jpg 0.0 0.0 -90.0 0.0
img_794.jpg 0.0 0.0 -90.0 0.0
img_795.jpg 0.0 0.0 -90.0 0.0
img_796.jpg 0.0 0.0 -90.0 0.0
img_797.jpg 0.0 0.0 -90.0 0.0
img_798.jpg 0.0 0.0 -90.0 0.0
img_799.jpg 0.0 0.0 -90.0 0.0
img_800.jpg 0.0 -52.8008088979 -90.0 0.0
img_801.jpg 0.0 -119.995955511 -90.0 0.0
img_802.jpg 0.0 -119.995955511 -90.0 0.0
img_803.jpg 0.0 -119.995955511 -90.0 0.0
img_804.jpg 0.0 -119.995955511 -90.0 0.0
img_805.jpg 0.0 -119.995955511 -90.0 0.0
img_806.jpg 0.0 -119.995955511 -90.0 0.0
img_807.jpg 0.0 -119.995955511 -90.0 0.0
img_808.jpg 0.0 -119.995955511 -90.0 0.0
img_809.jpg 0.0 -119.995955511 -90.0 0.0
img_810.jpg 18.6547851562 -26.7178968655 -90.0 0.0
img_811.jpg 40.0 0.0 -90.0 0.0
img_812.jpg 40.0 0.0 -90.0 0.0
img_813.jpg 40.0 0.0 -90.0 0.0
img_814.jpg 30.8666992188 0.0 -90.0 0.0
img_815.jpg 2.9931640625 0.0 -90.0 0.0
img_816.jpg 0.0 0.0 -90.0 0.0
img_817.jpg 0.0 0.0 -90.0 0.0
img_818.jpg 0.0 0.0 -90.0 0.0
img_819.jpg 0.0 0.0 -90.0 0.0
img_820.jpg 0.0 0.0 -90.0 0.0
img_821.jpg 0.0 0.0 -90.0 0.0
img_822.jpg 0.0 0.0 -90.0 0.0
img_823.jpg 0.0 0.0 90.0 0.0
img_824.jpg 0.0 0.0 90.0 0.0
img_825.jpg 0.0 0.0 90.0 0.0
img_826.jpg 0.0 0.0 90.0 0.0
img_827.jpg 0.0 0.0 90.0 0.0
img_828.jpg 0.0 0.0 90.0 0.0
img_829.jpg 0.0 0.0 90.0 0.0
img_830.jpg 15.2758789062 0.0 0.0 0.0
img_831.jpg 28.3471679688 0.0 0.0 0.0
img_832.jpg 29.2919921875 0.0 0.0 0.0
img_833.jpg 29.4494628906 0.0 0.0 0.0
img_834.jpg 29.4494628906 0.0 0.0 0.0
img_835.jpg 29.4494628906 0.0 0.0 0.0
img_836.jpg 29.4494628906 0.0 0.0 0.0
img_837.jpg 28.9770507812 0.0 0.0 0.0
img_838.jpg 0.0 15.4374616629 0.0 0.0
img_839.jpg 0.0 31.8585847321 0.0 0.0
img_840.jpg 0.0 54.3155077232 0.0 0.0
img_841.jpg 0.0 58.4207884905 0.0 0.0
img_842.jpg 0.0 58.9025818324 0.0 0.0
img_843.jpg 0.0 59.1468242904 0.0 0.0
img_844.jpg 0.0 60.8364467741 0.0 0.0
img_845.jpg 0.0 61.803379245 0.0 0.0
img_846.jpg 0.0 65.1826242123 0.0 0.0
img_847.jpg 0.0 75.0828082306 0.0 0.0
img_848.jpg 0.0 79.6698823398 0.0 0.0
img_849.jpg 0.0 105.750292756 0.0 0.0
img_850.jpg 0.0 110.340712653 0.0 0.0
img_851.jpg 0.0 110.096470195 0.0 0.0
img_852.jpg 0.0 109.614676853 0.0 0.0
img_853.jpg 0.0 94.6422795963 0.0 0.0
img_854.jpg 0.0 49.2466402721 0.0 0.0
img_855.jpg 0.0 49.728433614 0.0 0.0
img_856.jpg 0.0 71.7035632633 0.0 0.0
img_857.jpg 0.0 110.096470195 0.0 0.0
img_858.jpg 0.0 111.545196007 0.0 0.0
img_859.jpg 0.0 111.545196007 0.0 0.0
img_860.jpg 0.0 111.545196007 0.0 0.0
img_861.jpg 0.0 111.545196007 0.0 0.0
img_862.jpg 0.0 111.545196007 0.0 0.0
img_863.jpg 0.0 30.4098589193 0.0 0.0
img_864.jpg 0.0 0.0 -90.0 0.0
img_865.jpg 0.0 0.0 -90.0 0.0
img_866.jpg 0.0 0.0 -90.0 0.0
img_867.jpg 0.0 0.0 -90.0 0.0
img_868.jpg 0.0 0.0 -90.0 0.0
img_869.jpg 0.0 0.0 -90.0 0.0
img_870.jpg 0.0 0.0 -90.0 0.0
img_871.jpg 0.0 -107.530839232 -90.0 0.0
img_872.jpg 0.0 -119.995955511 -90.0 0.0
img_873.jpg 0.0 -119.995955511 -90.0 0.0
img_874.jpg 0.0 -119.995955511 -90.0 0.0
img_875.jpg 0.0 -119.995955511 -90.0 0.0
img_876.jpg -2.2216796875 -119.995955511 -90.0 0.0
img_877.jpg -3.2470703125 -119.995955511 -90.0 0.0
img_878.jpg -3.5888671875 -119.995955511 -90.0 0.0
img_879.jpg -6.23901367188 -119.995955511 -90.0 0.0
img_880.jpg -7.26440429688 -119.995955511 -90.0 0.0
img_881.jpg -8.97338867188 -119.995955511 -90.0 0.0
img_882.jpg -9.99877929688 -119.995955511 -90.0 0.0
img_883.jpg -10.4260253906 -119.995955511 -90.0 0.0
img_884.jpg -9.31518554688 -24.8736097068 -90.0 0.0
img_885.jpg 0.0 0.0 -90.0 0.0
img_886.jpg 0.0 0.0 -90.0 0.0
img_887.jpg 0.0 -60.4287158746 0.0 0.0
img_888.jpg 0.0 -61.8159757331 0.0 0.0
img_889.jpg 0.0 -61.350859454 0.0 0.0
img_890.jpg 0.0 -62.7381193124 0.0 0.0
img_891.jpg 0.0 -96.4489383215 0.0 0.0
img_892.jpg 0.0 -97.3710819009 0.0 0.0
img_893.jpg 0.0 -97.3710819009 0.0 0.0
img_894.jpg 0.0 -96.9100101112 0.0 0.0
img_895.jpg 0.0 -96.9100101112 0.0 0.0
img_896.jpg 0.0 -96.9100101112 0.0 0.0
img_897.jpg 0.0 -96.9100101112 0.0 0.0
img_898.jpg 0.0 -96.9100101112 0.0 0.0
img_899.jpg 0.0 -96.9100101112 0.0 0.0
img_900.jpg 0.0 -96.9100101112 0.0 0.0
img_901.jpg 0.0 -66.891809909 0.0 0.0
img_902.jpg 0.0 0.0 90.0 0.0
img_903.jpg 0.0 0.0 90.0 0.0
img_904.jpg 0.0 0.0 90.0 0.0
img_905.jpg 0.0 0.0 90.0 0.0
img_906.jpg 0.0 0.0 90.0 0.0
img_907.jpg -9.82788085938 0.0 0.0 0.0
img_908.jpg -18.4606933594 0.0 0.0 0.0
img_909.jpg -21.1096191406 0.0 0.0 0.0
img_910.jpg -21.0241699219 0.0 0.0 0.0
img_911.jpg -21.0241699219 0.0 0.0 0.0
img_912.jpg -21.3659667969 0.0 0.0 0.0
img_913.jpg -22.5622558594 0.0 0.0 0.0
img_914.jpg -23.3325195312 0.0 0.0 0.0
img_915.jpg -23.2470703125 0.0 0.0 0.0
img_916.jpg -23.2470703125 0.0 0.0 0.0
img_917.jpg -23.2470703125 0.0 0.0 0.0
img_918.jpg -23.2470703125 0.0 0.0 0.0
img_919.jpg -23.2470703125 0.0 0.0 0.0
img_920.jpg -23.076171875 0.0 0.0 0.0
img_921.jpg 0.0 46.8309819885 0.0 0.0
img_922.jpg 0.0 55.2824401941 0.0 0.0
img_923.jpg 0.0 55.7642335359 0.0 0.0
img_924.jpg 0.0 55.7642335359 0.0 0.0
img_925.jpg 0.0 55.7642335359 0.0 0.0
img_926.jpg 0.0 55.523336865 0.0 0.0
img_927.jpg 0.0 55.523336865 0.0 0.0
img_928.jpg -2.734375 55.523336865 0.0 0.0
img_929.jpg -6.32446289062 55.7642335359 0.0 0.0
img_930.jpg -6.92260742188 55.7642335359 0.0 0.0
img_931.jpg -7.17895507812 56.0051302069 0.0 0.0
img_932.jpg -8.28979492188 56.4902693359 0.0 0.0
img_933.jpg -20.7678222656 63.0078625997 0.0 0.0
img_934.jpg -23.759765625 64.4565884124 0.0 0.0
img_935.jpg -23.759765625 64.4565884124 0.0 0.0
img_936.jpg -23.6743164062 67.598282496 0.0 0.0
img_937.jpg -23.6743164062 70.9775274633 0.0 0.0
img_938.jpg -23.6743164062 83.5342664362 0.0 0.0
img_939.jpg -23.6743164062 91.5039312998 0.0 0.0
img_940.jpg -22.9907226562 113.238164278 0.0 0.0
img_941.jpg -20.9387207031 120.0 0.0 0.0
img_942.jpg -19.9987792969 120.0 0.0 0.0
img_943.jpg -19.8278808594 120.0 0.0 0.0
img_944.jpg -16.9213867188 120.0 0.0 0.0
img_945.jpg 0.0 120.0 0.0 0.0
img_946.jpg 0.0 120.0 0.0 0.0
img_947.jpg 0.0 120.0 0.0 0.0
img_948.jpg 0.0 120.0 0.0 0.0
img_949.jpg 0.0 120.0 0.0 0.0
img_950.jpg 0.0 120.0 0.0 0.0
img_951.jpg 0.0 120.0 0.0 0.0
img_952.jpg 0.0 120.0 0.0 0.0
img_953.jpg 0.0 120.0 0.0 0.0
img_954.jpg 0.0 120.0 0.0 0.0
img_955.jpg 0.0 120.0 0.0 0.0
img_956.jpg 0.0 120.0 0.0 0.0
img_957.jpg 0.0 84.2603022361 -90.0 0.0
img_958.jpg 0.0 16.1634974628 -90.0 0.0
img_959.jpg 0.0 0.0 -90.0 0.0
img_960.jpg 0.0 0.0 -90.0 0.0
img_961.jpg 0.0 0.0 -90.0 0.0
img_962.jpg 0.0 0.0 -90.0 0.0
img_963.jpg 0.0 0.0 -90.0 0.0
img_964.jpg 0.0 -22.564206269 -90.0 0.0
img_965.jpg 0.0 -65.9696663296 -90.0 0.0
img_966.jpg 0.0 -91.8301314459 -90.0 0.0
img_967.jpg 0.0 -119.995955511 -90.0 0.0
img_968.jpg 0.0 -119.995955511 -90.0 0.0
img_969.jpg 0.0 -119.995955511 -90.0 0.0
img_970.jpg 0.0 -119.995955511 -90.0 0.0
img_971.jpg 14.1735839844 -119.995955511 -90.0 0.0
img_972.jpg 22.9931640625 -119.995955511 -90.0 0.0
img_973.jpg 25.9851074219 -119.995955511 -90.0 0.0
img_974.jpg 26.6149902344 -119.995955511 -90.0 0.0
img_975.jpg 26.9299316406 -119.995955511 -90.0 0.0
img_976.jpg 26.9299316406 -119.995955511 -90.0 0.0
img_977.jpg 26.142578125 -88.7077856421 -90.0 0.0
img_978.jpg 0.0 0.0 -90.0 0.0
img_979.jpg 0.0 0.0 -90.0 0.0
img_980.jpg 0.0 0.0 -90.0 0.0
img_981.jpg 0.0 0.0 -90.0 0.0
img_982.jpg 0.0 0.0 -90.0 0.0
img_983.jpg 0.0 0.0 -90.0 0.0
img_984.jpg 0.0 0.0 -90.0 0.0
img_985.jpg 0.0 0.0 -90.0 0.0
img_986.jpg 0.0 0.0 90.0 0.0
img_987.jpg 0.0 0.0 90.0 0.0
img_988.jpg 0.0 0.0 90.0 0.0
img_989.jpg 0.0 0.0 90.0 0.0
img_990.jpg 0.0 0.0 90.0 0.0
img_991.jpg 0.0 0.0 90.0 0.0
img_992.jpg 0.0 25.0967490102 0.0 0.0
img_993.jpg 0.0 55.2824401941 0.0 0.0
img_994.jpg 0.0 81.8446439525 0.0 0.0
img_995.jpg 0.0 114.442647633 0.0 0.0
img_996.jpg 0.0 120.0 0.0 0.0
img_997.jpg 0.0 120.0 0.0 0.0
img_998.jpg 0.0 120.0 0.0 0.0
img_999.jpg 0.0 120.0 0.0 0.0
img_1000.jpg 0.0 120.0 0.0 0.0
img_1001.jpg 0.0 120.0 0.0 0.0
img_1002.jpg 0.0 120.0 0.0 0.0
img_1003.jpg 0.0 120.0 0.0 0.0
img_1004.jpg 0.0 120.0 -90.0 0.0
img_1005.jpg 0.0 85.4681313779 -90.0 0.0
img_1006.jpg 0.0 0.0 -90.0 0.0
img_1007.jpg 0.0 0.0 -90.0 0.0
img_1008.jpg 0.0 0.0 -90.0 0.0
img_1009.jpg 0.0 0.0 -90.0 0.0
img_1010.jpg 0.0 0.0 -90.0 0.0
img_1011.jpg 0.0 0.0 -90.0 0.0
img_1012.jpg 0.0 -21.9817997978 -90.0 0.0
img_1013.jpg 0.0 -119.995955511 -90.0 0.0
img_1014.jpg 0.0 -119.995955511 -90.0 0.0
img_1015.jpg 0.0 -119.995955511 -90.0 0.0
img_1016.jpg 0.0 -119.995955511 -90.0 0.0
img_1017.jpg 0.0 -119.995955511 -90.0 0.0
img_1018.jpg 0.0 -119.995955511 -90.0 0.0
img_1019.jpg 0.0 -119.995955511 -90.0 0.0
img_1020.jpg 0.0 -119.995955511 -90.0 0.0
img_1021.jpg 0.0 -119.995955511 -90.0 0.0
img_1022.jpg 0.0 -119.995955511 -90.0 0.0
img_1023.jpg 0.0 -119.995955511 -90.0 0.0
img_1024.jpg 0.0 -119.995955511 -90.0 0.0
img_1025.jpg 0.0 -119.995955511 -90.0 0.0
img_1026.jpg 0.0 -119.995955511 -90.0 0.0
img_1027.jpg 0.0 -119.995955511 -90.0 0.0
img_1028.jpg 0.0 0.0 -90.0 0.0
img_1029.jpg 0.0 0.0 -90.0 0.0
img_1030.jpg 0.0 0.0 90.0 0.0
img_1031.jpg 0.0 0.0 90.0 0.0
img_1032.jpg 0.0 0.0 90.0 0.0
img_1033.jpg 0.0 0.0 90.0 0.0
img_1034.jpg 0.0 0.0 90.0 0.0
img_1035.jpg 9.76440429688 0.0 0.0 0.0
img_1036.jpg 12.9138183594 0.0 0.0 0.0
img_1037.jpg 12.9138183594 0.0 0.0 0.0
img_1038.jpg 13.0712890625 0.0 0.0 0.0
img_1039.jpg 12.9138183594 0.0 0.0 0.0
img_1040.jpg 12.9138183594 0.0 0.0 0.0
img_1041.jpg 12.9138183594 0.0 0.0 0.0
img_1042.jpg 13.0712890625 0.0 0.0 0.0
img_1043.jpg 14.6459960938 0.0 0.0 0.0
img_1044.jpg 30.0793457031 0.0 0.0 0.0
img_1045.jpg 32.9138183594 0.0 0.0 0.0
img_1046.jpg 33.0712890625 0.0 0.0 0.0
img_1047.jpg 33.0712890625 0.0 0.0 0.0
img_1048.jpg 32.7563476562 0.0 0.0 0.0
img_1049.jpg 0.0 57.9389951486 0.0 0.0
img_1050.jpg 0.0 105.991189427 0.0 0.0
img_1051.jpg 0.0 112.030335136 0.0 0.0
img_1052.jpg 0.0 111.789438465 0.0 0.0
img_1053.jpg 0.0 111.789438465 0.0 0.0
img_1054.jpg 0.0 111.789438465 0.0 0.0
img_1055.jpg 0.0 111.789438465 0.0 0.0
img_1056.jpg 0.0 111.789438465 0.0 0.0
img_1057.jpg 0.0 111.789438465 0.0 0.0
img_1058.jpg 0.0 105.268499414 90.0 0.0
img_1059.jpg 0.0 84.742095578 90.0 0.0
img_1060.jpg 0.0 85.2238889199 90.0 0.0
img_1061.jpg 0.0 85.2238889199 90.0 0.0
img_1062.jpg 0.0 85.2238889199 90.0 0.0
img_1063.jpg 0.0 85.2238889199 90.0 0.0
img_1064.jpg 0.0 85.2238889199 90.0 0.0
img_1065.jpg 0.0 85.2238889199 90.0 0.0
img_1066.jpg 0.0 85.2238889199 0.0 0.0
img_1067.jpg 0.0 85.2238889199 0.0 0.0
img_1068.jpg 0.0 87.1577538616 0.0 0.0
img_1069.jpg 0.0 97.5397312218 0.0 0.0
img_1070.jpg 0.0 102.130151118 0.0 0.0
img_1071.jpg 0.0 103.093737802 0.0 0.0
img_1072.jpg 0.0 103.578876931 0.0 0.0
img_1073.jpg 0.0 105.509396085 0.0 0.0
img_1074.jpg 0.0 107.684157698 0.0 0.0
img_1075.jpg 0.0 109.132883511 0.0 0.0
img_1076.jpg 0.0 104.786706073 0.0 0.0
img_1077.jpg 0.0 14.470529192 0.0 0.0
img_1078.jpg 0.0 -44.5298281092 0.0 0.0
img_1079.jpg 0.0 -62.9362992922 0.0 0.0
img_1080.jpg 0.0 -70.2972699697 0.0 0.0
img_1081.jpg 0.0 -71.6804853387 0.0 0.0
img_1082.jpg 0.0 -76.2831142568 0.0 0.0
img_1083.jpg 0.0 -78.1233569262 0.0 0.0
img_1084.jpg 0.0 -77.6622851365 0.0 0.0
img_1085.jpg 0.0 -76.2831142568 0.0 0.0
img_1086.jpg 0.0 -76.2831142568 0.0 0.0
img_1087.jpg 0.0 -76.2831142568 0.0 0.0
img_1088.jpg 0.0 -76.2831142568 0.0 0.0
img_1089.jpg 0.0 -76.2831142568 0.0 0.0
img_1090.jpg 0.0 -66.1557128413 0.0 0.0
img_1091.jpg 0.0 -18.7583417594 0.0 0.0
img_1092.jpg 0.0 -24.2831142568 0.0 0.0
img_1093.jpg 0.0 -24.7401415571 0.0 0.0
img_1094.jpg 0.0 -24.7401415571 0.0 0.0
img_1095.jpg 0.0 -24.7401415571 0.0 0.0
img_1096.jpg 0.0 -26.5844287159 0.0 0.0
img_1097.jpg 0.0 -59.2558139535 0.0 0.0
img_1098.jpg 0.0 -72.5985844287 0.0 0.0
img_1099.jpg 0.0 -74.8998988878 0.0 0.0
img_1100.jpg 0.0 -78.1233569262 0.0 0.0
img_1101.jpg 0.0 -79.9635995956 0.0 0.0
img_1102.jpg 0.0 -79.5025278059 0.0 0.0
img_1103.jpg 0.0 -63.8584428716 0.0 0.0
img_1104.jpg 17.0080566406 0.0 0.0 0.0
img_1105.jpg 22.9931640625 0.0 0.0 0.0
img_1106.jpg 24.7253417969 0.0 0.0 0.0
img_1107.jpg 25.9851074219 0.0 0.0 0.0
img_1108.jpg 29.4494628906 0.0 0.0 0.0
img_1109.jpg 36.220703125 0.0 0.0 0.0
img_1110.jpg 36.6931152344 0.0 0.0 0.0
img_1111.jpg 36.6931152344 0.0 0.0 0.0
img_1112.jpg 36.3781738281 0.0 0.0 0.0
img_1113.jpg 0.0 0.0 90.0 0.0
img_1114.jpg 0.0 0.0 90.0 0.0
img_1115.jpg 0.0 0.0 90.0 0.0
img_1116.jpg 0.0 0.0 90.0 0.0
img_1117.jpg 0.0 0.0 90.0 0.0
img_1118.jpg 0.0 0.0 90.0 0.0
img_1119.jpg 0.0 0.0 90.0 0.0
img_1120.jpg 0.0 0.0 90.0 0.0
img_1121.jpg 0.0 0.0 90.0 0.0
img_1122.jpg 0.0 0.0 90.0 0.0
img_1123.jpg 0.0 0.0 90.0 0.0
img_1124.jpg 0.0 7.70200189595 0.0 0.0
img_1125.jpg 0.0 24.6149556683 0.0 0.0
img_1126.jpg 0.0 43.933530363 0.0 0.0
img_1127.jpg 0.0 49.2466402721 0.0 0.0
img_1128.jpg 0.0 57.9389951486 0.0 0.0
img_1129.jpg 0.0 60.8364467741 0.0 0.0
img_1130.jpg 0.0 64.2156917415 0.0 0.0
img_1131.jpg 0.0 69.2879049796 0.0 0.0
img_1132.jpg 0.0 79.9141247979 0.0 0.0
img_1133.jpg 0.0 82.3264372944 0.0 0.0
img_1134.jpg 0.0 83.7751631071 0.0 0.0
img_1135.jpg 0.0 84.742095578 0.0 0.0
img_1136.jpg 0.0 87.8804438744 0.0 0.0
img_1137.jpg 0.0 101.645011989 0.0 0.0
img_1138.jpg 0.0 106.476328556 0.0 0.0
img_1139.jpg 0.0 105.268499414 0.0 0.0
img_1140.jpg 0.0 105.509396085 0.0 0.0
img_1141.jpg 0.0 105.509396085 0.0 0.0
img_1142.jpg 0.0 105.509396085 0.0 0.0
img_1143.jpg 0.0 105.509396085 0.0 0.0
img_1144.jpg 0.0 105.509396085 0.0 0.0
img_1145.jpg 0.0 105.509396085 0.0 0.0
img_1146.jpg 0.0 105.509396085 0.0 0.0
img_1147.jpg 0.0 81.1186081526 0.0 0.0
img_1148.jpg 0.0 0.0 90.0 0.0
img_1149.jpg 0.0 0.0 90.0 0.0
img_1150.jpg 0.0 0.0 90.0 0.0
img_1151.jpg 0.0 0.0 90.0 0.0
img_1152.jpg 0.0 0.0 90.0 0.0
img_1153.jpg 0.0 0.0 90.0 0.0
img_1154.jpg 0.0 41.0360787375 0.0 0.0
img_1155.jpg 0.0 74.8419115597 0.0 0.0
img_1156.jpg 0.0 103.578876931 0.0 0.0
img_1157.jpg 0.0 110.581609324 0.0 0.0
img_1158.jpg 0.0 112.030335136 0.0 0.0
img_1159.jpg 0.0 112.030335136 0.0 0.0
img_1160.jpg 0.0 112.271231807 0.0 0.0
img_1161.jpg 0.0 112.271231807 0.0 0.0
img_1162.jpg 0.0 112.271231807 0.0 0.0
img_1163.jpg 0.0 112.512128478 0.0 0.0
img_1164.jpg 0.0 112.512128478 0.0 0.0
img_1165.jpg 0.0 112.271231807 0.0 0.0
img_1166.jpg 0.0 112.271231807 0.0 0.0
img_1167.jpg 0.0 112.271231807 0.0 0.0
img_1168.jpg 0.0 112.271231807 0.0 0.0
img_1169.jpg 0.0 112.271231807 0.0 0.0
img_1170.jpg 0.0 112.271231807 0.0 0.0
img_1171.jpg 0.0 112.030335136 0.0 0.0
img_1172.jpg 0.0 112.030335136 0.0 0.0
img_1173.jpg 0.0 112.030335136 0.0 0.0
img_1174.jpg 0.0 110.340712653 0.0 0.0
img_1175.jpg 0.0 30.8916522612 0.0 0.0
img_1176.jpg -4.18701171875 0.0 0.0 0.0
img_1177.jpg -8.71704101562 0.0 0.0 0.0
img_1178.jpg -9.74243164062 0.0 0.0 0.0
img_1179.jpg -15.0415039062 0.0 0.0 0.0
img_1180.jpg -16.15234375 0.0 0.0 0.0
img_1181.jpg -16.15234375 0.0 0.0 0.0
img_1182.jpg -16.2377929688 0.0 0.0 0.0
img_1183.jpg -16.6650390625 0.0 0.0 0.0
img_1184.jpg -18.8024902344 0.0 0.0 0.0
img_1185.jpg -19.1442871094 0.0 0.0 0.0
img_1186.jpg -19.0588378906 0.0 0.0 0.0
img_1187.jpg -19.1442871094 0.0 0.0 0.0
img_1188.jpg -19.1442871094 0.0 0.0 0.0
img_1189.jpg -22.6477050781 0.0 0.0 0.0
img_1190.jpg -25.126953125 0.0 0.0 0.0
img_1191.jpg -25.2978515625 0.0 0.0 0.0
img_1192.jpg -25.2978515625 0.0 0.0 0.0
img_1193.jpg -25.2978515625 0.0 0.0 0.0
img_1194.jpg -25.2978515625 0.0 0.0 0.0
img_1195.jpg -25.2978515625 0.0 0.0 0.0
img_1196.jpg -12.4780273438 0.0 0.0 0.0
img_1197.jpg -8.37524414062 0.0 0.0 0.0
img_1198.jpg -9.31518554688 0.0 0.0 0.0
img_1199.jpg -10.8532714844 0.0 0.0 0.0
img_1200.jpg -11.708984375 0.0 0.0 0.0
img_1201.jpg -11.8798828125 0.0 0.0 0.0
img_1202.jpg -11.8798828125 0.0 0.0 0.0
img_1203.jpg -11.9653320312 0.0 0.0 0.0
img_1204.jpg -12.5634765625 0.0 0.0 0.0
img_1205.jpg -18.2897949219 0.0 0.0 0.0
img_1206.jpg -18.8879394531 0.0 0.0 0.0
img_1207.jpg -18.9733886719 0.0 0.0 0.0
img_1208.jpg -18.9733886719 0.0 0.0 0.0
img_1209.jpg -18.9733886719 0.0 0.0 0.0
img_1210.jpg -18.9733886719 0.0 0.0 0.0
img_1211.jpg -18.0334472656 0.0 0.0 0.0
img_1212.jpg -7.77709960938 0.0 0.0 0.0
img_1213.jpg -11.1950683594 0.0 0.0 0.0
img_1214.jpg -13.5888671875 0.0 0.0 0.0
img_1215.jpg -13.5034179688 0.0 0.0 0.0
img_1216.jpg -13.2470703125 0.0 0.0 0.0
img_1217.jpg -5.89721679688 0.0 0.0 0.0
img_1218.jpg -6.49536132812 0.0 0.0 0.0
img_1219.jpg -14.5288085938 0.0 0.0 0.0
img_1220.jpg -19.4006347656 0.0 0.0 0.0
img_1221.jpg -20.8532714844 0.0 0.0 0.0
img_1222.jpg -20.8532714844 0.0 0.0 0.0
img_1223.jpg -20.8532714844 0.0 0.0 0.0
img_1224.jpg -20.8532714844 0.0 0.0 0.0
img_1225.jpg -3.9306640625 0.0 0.0 0.0
img_1226.jpg 0.0 47.0718786595 0.0 0.0
img_1227.jpg 0.0 84.9829922489 0.0 0.0
img_1228.jpg 0.0 90.0552054871 0.0 0.0
img_1229.jpg 0.0 89.5734121452 0.0 0.0
img_1230.jpg 0.0 89.5734121452 0.0 0.0
img_1231.jpg 0.0 89.5734121452 0.0 0.0
img_1232.jpg 0.0 89.5734121452 0.0 0.0
img_1233.jpg 0.0 89.5734121452 0.0 0.0
img_1234.jpg 0.0 89.5734121452 0.0 0.0
img_1235.jpg 0.0 89.5734121452 0.0 0.0
img_1236.jpg 0.0 89.5734121452 0.0 0.0
img_1237.jpg 0.0 89.5734121452 0.0 0.0
img_1238.jpg 0.0 89.5734121452 0.0 0.0
img_1239.jpg 0.0 89.5734121452 0.0 0.0
img_1240.jpg 0.0 89.5734121452 0.0 0.0
img_1241.jpg 0.0 89.5734121452 0.0 0.0
img_1242.jpg 0.0 89.5734121452 0.0 0.0
img_1243.jpg 0.0 89.5734121452 0.0 0.0
img_1244.jpg 0.0 89.5734121452 0.0 0.0
img_1245.jpg 0.0 89.5734121452 0.0 0.0
img_1246.jpg 0.0 89.5734121452 0.0 0.0
img_1247.jpg 0.0 89.5734121452 0.0 0.0
img_1248.jpg 0.0 94.6422795963 0.0 0.0
img_1249.jpg 0.0 120.0 0.0 0.0
img_1250.jpg 0.0 120.0 0.0 0.0
img_1251.jpg 0.0 120.0 0.0 0.0
img_1252.jpg 0.0 120.0 0.0 0.0
img_1253.jpg 0.0 120.0 0.0 0.0
img_1254.jpg 0.0 120.0 0.0 0.0
img_1255.jpg 0.0 120.0 0.0 0.0
img_1256.jpg 0.0 120.0 0.0 0.0
img_1257.jpg 0.0 120.0 0.0 0.0
img_1258.jpg 0.0 0.0 90.0 0.0
img_1259.jpg 0.0 0.0 90.0 0.0
img_1260.jpg 0.0 0.0 90.0 0.0
img_1261.jpg 0.0 0.0 90.0 0.0
img_1262.jpg 0.0 0.0 90.0 0.0
img_1263.jpg 14.1735839844 0.0 0.0 0.0
img_1264.jpg 17.48046875 0.0 0.0 0.0
img_1265.jpg 17.48046875 0.0 0.0 0.0
img_1266.jpg 17.48046875 0.0 0.0 0.0
img_1267.jpg 17.3229980469 0.0 0.0 0.0
img_1268.jpg 17.3229980469 0.0 0.0 0.0
img_1269.jpg 17.0080566406 0.0 0.0 0.0
img_1270.jpg 17.0080566406 0.0 0.0 0.0
img_1271.jpg 17.0080566406 0.0 0.0 0.0
img_1272.jpg 17.1655273438 0.0 0.0 0.0
img_1273.jpg 17.1655273438 0.0 0.0 0.0
img_1274.jpg 17.3229980469 0.0 0.0 0.0
img_1275.jpg 17.9528808594 0.0 0.0 0.0
img_1276.jpg 19.5275878906 0.0 0.0 0.0
img_1277.jpg 20.3161621094 0.0 0.0 0.0
img_1278.jpg 20.9460449219 0.0 0.0 0.0
img_1279.jpg 21.2609863281 0.0 0.0 0.0
img_1280.jpg 22.5207519531 0.0 0.0 0.0
img_1281.jpg 22.9931640625 0.0 0.0 0.0
img_1282.jpg 26.142578125 0.0 0.0 0.0
img_1283.jpg 26.3000488281 0.0 0.0 0.0
img_1284.jpg 26.3000488281 0.0 0.0 0.0
img_1285.jpg 25.9851074219 0.0 0.0 0.0
img_1286.jpg -8.97338867188 0.0 0.0 0.0
img_1287.jpg -9.31518554688 0.0 0.0 0.0
img_1288.jpg -9.22973632812 0.0 0.0 0.0
img_1289.jpg -9.31518554688 0.0 0.0 0.0
img_1290.jpg -9.31518554688 0.0 0.0 0.0
img_1291.jpg -9.31518554688 0.0 0.0 0.0
img_1292.jpg -9.40063476562 0.0 0.0 0.0
img_1293.jpg -9.40063476562 0.0 0.0 0.0
img_1294.jpg -12.6489257812 0.0 0.0 0.0
img_1295.jpg -16.0668945312 0.0 0.0 0.0
img_1296.jpg -16.2377929688 0.0 0.0 0.0
img_1297.jpg -16.3232421875 0.0 0.0 0.0
img_1298.jpg -16.3232421875 0.0 0.0 0.0
img_1299.jpg -16.6650390625 0.0 0.0 0.0
img_1300.jpg -16.8359375 0.0 0.0 0.0
img_1301.jpg -17.7770996094 0.0 0.0 0.0
img_1302.jpg -17.7770996094 0.0 0.0 0.0
img_1303.jpg -18.9733886719 0.0 0.0 0.0
img_1304.jpg -23.759765625 0.0 0.0 0.0
img_1305.jpg -23.8452148438 0.0 0.0 0.0
img_1306.jpg -23.8452148438 0.0 0.0 0.0
img_1307.jpg -23.8452148438 0.0 0.0 0.0
img_1308.jpg -23.759765625 0.0 0.0 0.0
img_1309.jpg 0.0 11.8173200245 0.0 0.0
img_1310.jpg 0.0 75.3237049016 0.0 0.0
img_1311.jpg 0.0 103.334634473 0.0 0.0
img_1312.jpg 0.0 110.822505995 0.0 0.0
img_1313.jpg 0.0 111.063402665 0.0 0.0
img_1314.jpg 0.0 110.822505995 0.0 0.0
img_1315.jpg 0.0 110.822505995 0.0 0.0
img_1316.jpg 0.0 110.822505995 0.0 0.0
img_1317.jpg 0.0 111.063402665 0.0 0.0
img_1318.jpg 0.0 111.063402665 0.0 0.0
img_1319.jpg 0.0 111.063402665 0.0 0.0
img_1320.jpg 0.0 111.063402665 0.0 0.0
img_1321.jpg 0.0 110.822505995 0.0 0.0
img_1322.jpg 0.0 59.6286176323 -90.0 0.0
img_1323.jpg 0.0 0.0 -90.0 0.0
img_1324.jpg 0.0 0.0 -90.0 0.0
img_1325.jpg 0.0 0.0 -90.0 0.0
img_1326.jpg 0.0 0.0 -90.0 0.0
img_1327.jpg 0.0 0.0 -90.0 0.0
img_1328.jpg 0.0 0.0 -90.0 0.0
img_1329.jpg 0.0 0.0 -90.0 0.0
img_1330.jpg 0.0 0.0 -90.0 0.0
img_1331.jpg 0.0 0.0 -90.0 0.0
img_1332.jpg 0.0 0.0 -90.0 0.0
img_1333.jpg 0.0 0.0 -90.0 0.0
img_1334.jpg 0.0 0.0 -90.0 0.0
img_1335.jpg 0.0 0.0 -90.0 0.0
img_1336.jpg 0.0 0.0 -90.0 0.0
img_1337.jpg 0.0 0.0 -90.0 0.0
img_1338.jpg 0.0 0.0 -90.0 0.0
img_1339.jpg 0.0 0.0 -90.0 0.0
img_1340.jpg 0.0 0.0 -90.0 0.0
img_1341.jpg 0.0 0.0 -90.0 0.0
img_1342.jpg 0.0 0.0 -90.0 0.0
img_1343.jpg 0.0 0.0 -90.0 0.0
img_1344.jpg 0.0 0.0 -90.0 0.0
img_1345.jpg 0.0 0.0 -90.0 0.0
img_1346.jpg 0.0 0.0 -90.0 0.0
img_1347.jpg 0.0 0.0 -90.0 0.0
img_1348.jpg 0.0 0.0 -90.0 0.0
img_1349.jpg 0.0 0.0 -90.0 0.0
img_1350.jpg 0.0 0.0 -90.0 0.0
img_1351.jpg 0.0 0.0 -90.0 0.0
img_1352.jpg 0.0 0.0 -90.0 0.0
img_1353.jpg 0.0 0.0 -90.0 0.0
img_1354.jpg 0.0 0.0 -90.0 0.0
img_1355.jpg 0.0 0.0 -90.0 0.0
img_1356.jpg 0.0 0.0 -90.0 0.0
img_1357.jpg 0.0 0.0 90.0 0.0
img_1358.jpg 0.0 0.0 90.0 0.0
img_1359.jpg 0.0 0.0 90.0 0.0
img_1360.jpg 0.0 0.0 90.0 0.0
img_1361.jpg 0.0 0.0 90.0 0.0
img_1362.jpg 0.0 0.0 90.0 0.0
img_1363.jpg 0.0 0.0 90.0 0.0
img_1364.jpg 11.9689941406 0.0 0.0 0.0
img_1365.jpg 12.1264648438 0.0 0.0 0.0
img_1366.jpg 8.97705078125 0.0 0.0 0.0
img_1367.jpg 5.5126953125 0.0 0.0 0.0
img_1368.jpg 5.82763671875 0.0 0.0 0.0
img_1369.jpg 8.18969726562 0.0 0.0 0.0
img_1370.jpg 15.1184082031 0.0 0.0 0.0
img_1371.jpg 17.0080566406 0.0 0.0 0.0
img_1372.jpg 17.1655273438 0.0 0.0 0.0
img_1373.jpg 17.1655273438 0.0 0.0 0.0
img_1374.jpg 17.48046875 0.0 0.0 0.0
img_1375.jpg 18.1103515625 0.0 0.0 0.0
img_1376.jpg 18.2678222656 0.0 0.0 0.0
img_1377.jpg 18.2678222656 0.0 0.0 0.0
img_1378.jpg 18.2678222656 0.0 0.0 0.0
img_1379.jpg 18.2678222656 0.0 0.0 0.0
img_1380.jpg 18.2678222656 0.0 0.0 0.0
img_1381.jpg 18.1103515625 0.0 0.0 0.0
img_1382.jpg 18.1103515625 0.0 0.0 0.0
img_1383.jpg 20.7885742188 0.0 0.0 0.0
img_1384.jpg 30.0793457031 0.0 0.0 0.0
img_1385.jpg 33.0712890625 0.0 0.0 0.0
img_1386.jpg 33.2287597656 0.0 0.0 0.0
img_1387.jpg 33.2287597656 0.0 0.0 0.0
img_1388.jpg 32.9138183594 0.0 0.0 0.0
img_1389.jpg 0.0 46.8309819885 0.0 0.0
img_1390.jpg 0.0 91.2630346289 0.0 0.0
img_1391.jpg 0.0 111.545196007 0.0 0.0
img_1392.jpg 0.0 120.0 0.0 0.0
img_1393.jpg 0.0 120.0 0.0 0.0
img_1394.jpg 0.0 120.0 0.0 0.0
img_1395.jpg 0.0 120.0 0.0 0.0
img_1396.jpg 0.0 120.0 0.0 0.0
img_1397.jpg -11.7944335938 0.0 0.0 0.0
img_1398.jpg -16.4086914062 0.0 0.0 0.0
img_1399.jpg -16.494140625 0.0 0.0 0.0
img_1400.jpg -16.4086914062 0.0 0.0 0.0
img_1401.jpg -16.4086914062 0.0 0.0 0.0
img_1402.jpg -16.4086914062 0.0 0.0 0.0
img_1403.jpg -16.494140625 0.0 0.0 0.0
img_1404.jpg -16.494140625 0.0 0.0 0.0
img_1405.jpg -16.494140625 0.0 0.0 0.0
img_1406.jpg -16.494140625 0.0 0.0 0.0
img_1407.jpg -17.3498535156 0.0 0.0 0.0
img_1408.jpg -23.9306640625 0.0 0.0 0.0
img_1409.jpg -26.0668945312 0.0 0.0 0.0
img_1410.jpg -26.0668945312 0.0 0.0 0.0
img_1411.jpg -25.9814453125 0.0 0.0 0.0
img_1412.jpg -25.9814453125 0.0 0.0 0.0
img_1413.jpg -23.3325195312 0.0 0.0 0.0
img_1414.jpg 0.0 0.0 90.0 0.0
img_1415.jpg 0.0 0.0 90.0 0.0
img_1416.jpg 0.0 0.0 90.0 0.0
img_1417.jpg 0.0 0.0 90.0 0.0
img_1418.jpg 0.0 0.0 90.0 0.0
img_1419.jpg 0.0 0.0 90.0 0.0
img_1420.jpg 0.0 0.0 90.0 0.0
img_1421.jpg 0.0 0.0 90.0 0.0
img_1422.jpg 0.0 0.0 90.0 0.0
img_1423.jpg 0.0 0.0 90.0 0.0
img_1424.jpg 0.0 0.0 90.0 0.0
img_1425.jpg 0.0 0.0 90.0 0.0
img_1426.jpg 0.0 0.0 90.0 0.0
img_1427.jpg 0.0 0.0 90.0 0.0
img_1428.jpg 0.0 18.0940166174 0.0 0.0
img_1429.jpg 0.0 104.060670273 0.0 0.0
img_1430.jpg 0.0 120.0 0.0 0.0
img_1431.jpg 0.0 120.0 0.0 0.0
img_1432.jpg 0.0 120.0 0.0 0.0
img_1433.jpg 0.0 120.0 0.0 0.0
img_1434.jpg 0.0 110.581609324 0.0 0.0
img_1435.jpg 0.0 0.0 90.0 0.0
img_1436.jpg 0.0 0.0 90.0 0.0
img_1437.jpg 0.0 0.0 90.0 0.0
img_1438.jpg 0.0 0.0 90.0 0.0
img_1439.jpg 0.0 0.0 90.0 0.0
img_1440.jpg 0.0 0.0 90.0 0.0
img_1441.jpg 0.0 16.1634974628 0.0 0.0
img_1442.jpg 0.0 108.888641053 0.0 0.0
img_1443.jpg 0.0 120.0 0.0 0.0
img_1444.jpg 0.0 120.0 0.0 0.0
img_1445.jpg 0.0 120.0 0.0 0.0
img_1446.jpg 0.0 120.0 0.0 0.0
img_1447.jpg 0.0 120.0 0.0 0.0
img_1448.jpg 0.0 120.0 0.0 0.0
img_1449.jpg 0.0 120.0 0.0 0.0
img_1450.jpg 0.0 120.0 0.0 0.0
img_1451.jpg 0.0 120.0 0.0 0.0
img_1452.jpg 0.0 120.0 0.0 0.0
img_1453.jpg 0.0 120.0 0.0 0.0
img_1454.jpg 0.0 120.0 0.0 0.0
img_1455.jpg 0.0 120.0 0.0 0.0
img_1456.jpg 0.0 120.0 -90.0 0.0
img_1457.jpg 0.0 120.0 -90.0 0.0
img_1458.jpg 0.0 0.0 -90.0 0.0
img_1459.jpg 0.0 0.0 -90.0 0.0
img_1460.jpg 0.0 0.0 -90.0 0.0
img_1461.jpg 0.0 0.0 -90.0 0.0
img_1462.jpg 0.0 0.0 -90.0 0.0
img_1463.jpg 0.0 0.0 -90.0 0.0
img_1464.jpg 0.0 0.0 -90.0 0.0
img_1465.jpg 0.0 0.0 -90.0 0.0
img_1466.jpg 0.0 0.0 -90.0 0.0
img_1467.jpg 0.0 0.0 -90.0 0.0
img_1468.jpg 0.0 0.0 -90.0 0.0
img_1469.jpg 0.0 0.0 90.0 0.0
img_1470.jpg 0.0 0.0 90.0 0.0
img_1471.jpg 0.0 0.0 90.0 0.0
img_1472.jpg 0.0 0.0 90.0 0.0
img_1473.jpg 0.0 0.0 90.0 0.0
img_1474.jpg 0.0 0.0 90.0 0.0
img_1475.jpg 40.0 0.0 0.0 0.0
img_1476.jpg 40.0 0.0 0.0 0.0
img_1477.jpg 40.0 0.0 0.0 0.0
img_1478.jpg 40.0 0.0 0.0 0.0
img_1479.jpg 40.0 0.0 0.0 0.0
img_1480.jpg 40.0 0.0 0.0 0.0
img_1481.jpg 40.0 0.0 0.0 0.0
img_1482.jpg 40.0 0.0 0.0 0.0
img_1483.jpg 40.0 0.0 0.0 0.0
img_1484.jpg 40.0 0.0 0.0 0.0
img_1485.jpg 40.0 0.0 0.0 0.0
img_1486.jpg -12.6489257812 0.0 0.0 0.0
img_1487.jpg -21.5368652344 0.0 0.0 0.0
img_1488.jpg -22.3913574219 0.0 0.0 0.0
img_1489.jpg -22.3913574219 0.0 0.0 0.0
img_1490.jpg -22.3913574219 0.0 0.0 0.0
img_1491.jpg -22.3913574219 0.0 0.0 0.0
img_1492.jpg -22.3059082031 0.0 0.0 0.0
img_1493.jpg -22.3059082031 0.0 0.0 0.0
img_1494.jpg -10.2551269531 0.0 0.0 0.0
img_1495.jpg -9.40063476562 0.0 0.0 0.0
img_1496.jpg -9.40063476562 0.0 0.0 0.0
img_1497.jpg -9.74243164062 0.0 0.0 0.0
img_1498.jpg -10.9387207031 0.0 0.0 0.0
img_1499.jpg -12.734375 0.0 0.0 0.0
img_1500.jpg -12.734375 0.0 0.0 0.0
img_1501.jpg -14.6142578125 0.0 0.0 0.0
img_1502.jpg -15.6396484375 0.0 0.0 0.0
img_1503.jpg -16.494140625 0.0 0.0 0.0
img_1504.jpg -17.5207519531 0.0 0.0 0.0
img_1505.jpg -19.2297363281 0.0 0.0 0.0
img_1506.jpg -19.2297363281 0.0 0.0 0.0
img_1507.jpg -19.3151855469 0.0 0.0 0.0
img_1508.jpg -19.3151855469 0.0 0.0 0.0
img_1509.jpg -19.3151855469 0.0 0.0 0.0
img_1510.jpg -19.2297363281 0.0 0.0 0.0
img_1511.jpg -19.2297363281 0.0 0.0 0.0
img_1512.jpg -19.1442871094 0.0 0.0 0.0
img_1513.jpg -15.9814453125 0.0 0.0 0.0
img_1514.jpg -14.9560546875 0.0 0.0 0.0
img_1515.jpg 0.0 0.0 90.0 0.0
img_1516.jpg 0.0 0.0 90.0 0.0
img_1517.jpg 0.0 0.0 90.0 0.0
img_1518.jpg 0.0 0.0 90.0 0.0
img_1519.jpg 0.0 0.0 90.0 0.0
img_1520.jpg 0.0 0.0 90.0 0.0
img_1521.jpg -8.80249023438 0.0 0.0 0.0
img_1522.jpg -13.759765625 0.0 0.0 0.0
img_1523.jpg -14.5288085938 0.0 0.0 0.0
img_1524.jpg -14.6142578125 0.0 0.0 0.0
img_1525.jpg -14.5288085938 0.0 0.0 0.0
img_1526.jpg -14.6142578125 0.0 0.0 0.0
img_1527.jpg -14.6142578125 0.0 0.0 0.0
img_1528.jpg -14.6142578125 0.0 0.0 0.0
img_1529.jpg -14.6142578125 0.0 0.0 0.0
img_1530.jpg -15.2978515625 0.0 0.0 0.0
img_1531.jpg -17.8625488281 0.0 0.0 0.0
img_1532.jpg -18.3752441406 0.0 0.0 0.0
img_1533.jpg -18.2897949219 0.0 0.0 0.0
img_1534.jpg -18.2897949219 0.0 0.0 0.0
img_1535.jpg -18.2897949219 0.0 0.0 0.0
img_1536.jpg -18.2897949219 0.0 0.0 0.0
img_1537.jpg -18.2897949219 0.0 0.0 0.0
img_1538.jpg -18.2897949219 0.0 0.0 0.0
img_1539.jpg -18.2897949219 0.0 0.0 0.0
img_1540.jpg -14.9560546875 0.0 0.0 0.0
img_1541.jpg 0.0 0.0 90.0 0.0
img_1542.jpg 0.0 0.0 90.0 0.0
img_1543.jpg 0.0 0.0 90.0 0.0
img_1544.jpg 0.0 0.0 90.0 0.0
img_1545.jpg 0.0 0.0 90.0 0.0
img_1546.jpg 0.0 0.0 90.0 0.0
img_1547.jpg 0.0 42.2405620922 0.0 0.0
img_1548.jpg 0.0 120.0 0.0 0.0
img_1549.jpg 0.0 120.0 0.0 0.0
img_1550.jpg 0.0 120.0 0.0 0.0
img_1551.jpg 0.0 120.0 0.0 0.0
img_1552.jpg 0.0 120.0 0.0 0.0
img_1553.jpg 0.0 120.0 0.0 0.0
img_1554.jpg 0.0 120.0 0.0 0.0
img_1555.jpg 0.0 120.0 0.0 0.0
img_1556.jpg 0.0 120.0 0.0 0.0
img_1557.jpg 0.0 120.0 0.0 0.0
img_1558.jpg 0.0 120.0 0.0 0.0
img_1559.jpg 0.0 120.0 0.0 0.0
img_1560.jpg 0.0 120.0 0.0 0.0
img_1561.jpg 0.0 120.0 -90.0 0.0
img_1562.jpg 0.0 0.0 -90.0 0.0
img_1563.jpg 0.0 0.0 -90.0 0.0
img_1564.jpg 0.0 0.0 -90.0 0.0
img_1565.jpg 0.0 0.0 -90.0 0.0
img_1566.jpg 0.0 0.0 -90.0 0.0
img_1567.jpg 0.0 -119.995955511 -90.0 0.0
img_1568.jpg 0.0 -119.995955511 -90.0 0.0
img_1569.jpg 0.0 -119.995955511 -90.0 0.0
img_1570.jpg 0.0 -119.995955511 -90.0 0.0
img_1571.jpg 0.0 -119.995955511 -90.0 0.0
img_1572.jpg 0.0 -119.995955511 -90.0 0.0
img_1573.jpg 0.0 -119.995955511 -90.0 0.0
img_1574.jpg -2.13623046875 -119.995955511 -90.0 0.0
img_1575.jpg -6.23901367188 -119.995955511 -90.0 0.0
img_1576.jpg -8.37524414062 -119.995955511 -90.0 0.0
img_1577.jpg -8.97338867188 -119.995955511 -90.0 0.0
img_1578.jpg -9.99877929688 -119.995955511 -90.0 0.0
img_1579.jpg -11.6235351562 -119.995955511 -90.0 0.0
img_1580.jpg -11.9653320312 -119.995955511 -90.0 0.0
img_1581.jpg 0.0 0.0 -90.0 0.0
img_1582.jpg 0.0 0.0 -90.0 0.0
img_1583.jpg -2.81982421875 0.0 0.0 0.0
img_1584.jpg -14.1870117188 0.0 0.0 0.0
img_1585.jpg -15.810546875 0.0 0.0 0.0
img_1586.jpg -16.4086914062 0.0 0.0 0.0
img_1587.jpg -17.2644042969 0.0 0.0 0.0
img_1588.jpg -18.4606933594 0.0 0.0 0.0
img_1589.jpg -19.7424316406 0.0 0.0 0.0
img_1590.jpg -24.0161132812 0.0 0.0 0.0
img_1591.jpg -27.0922851562 0.0 0.0 0.0
img_1592.jpg -27.177734375 0.0 0.0 0.0
img_1593.jpg -27.51953125 0.0 0.0 0.0
img_1594.jpg -27.51953125 0.0 0.0 0.0
img_1595.jpg -27.6049804688 0.0 0.0 0.0
img_1596.jpg -27.6049804688 0.0 0.0 0.0
img_1597.jpg -27.51953125 0.0 0.0 0.0
img_1598.jpg -21.1950683594 0.0 0.0 0.0
img_1599.jpg -6.58081054688 0.0 0.0 0.0
img_1600.jpg -12.9052734375 0.0 0.0 0.0
img_1601.jpg -14.9560546875 0.0 0.0 0.0
img_1602.jpg -16.4086914062 0.0 0.0 0.0
img_1603.jpg -17.7770996094 0.0 0.0 0.0
img_1604.jpg -19.6569824219 0.0 0.0 0.0
img_1605.jpg -21.1096191406 0.0 0.0 0.0
img_1606.jpg -23.6743164062 0.0 0.0 0.0
img_1607.jpg -25.2978515625 0.0 0.0 0.0
img_1608.jpg -25.4675292969 0.0 0.0 0.0
img_1609.jpg -25.4675292969 0.0 0.0 0.0
img_1610.jpg -25.4675292969 0.0 0.0 0.0
img_1611.jpg -11.1096191406 0.0 0.0 0.0
img_1612.jpg 0.0 33.0664138739 0.0 0.0
img_1613.jpg 0.0 54.5564043941 0.0 0.0
img_1614.jpg 0.0 56.7311660068 0.0 0.0
img_1615.jpg 0.0 59.1468242904 0.0 0.0
img_1616.jpg 0.0 69.7696983215 0.0 0.0
img_1617.jpg 0.0 73.152289076 0.0 0.0
img_1618.jpg 0.0 74.6010148888 0.0 0.0
img_1619.jpg 0.0 76.5315340434 0.0 0.0
img_1620.jpg 0.0 76.7724307143 0.0 0.0
img_1621.jpg 0.0 76.7724307143 0.0 0.0
img_1622.jpg 0.0 76.7724307143 0.0 0.0
img_1623.jpg 0.0 76.7724307143 0.0 0.0
img_1624.jpg 0.0 77.0166731724 0.0 0.0
img_1625.jpg 0.0 77.0166731724 0.0 0.0
img_1626.jpg 0.0 77.0166731724 0.0 0.0
img_1627.jpg 0.0 77.2575698433 0.0 0.0
img_1628.jpg 0.0 79.4289856689 0.0 0.0
img_1629.jpg 0.0 97.7806278927 0.0 0.0
img_1630.jpg 0.0 116.858305916 0.0 0.0
img_1631.jpg 0.0 120.0 0.0 0.0
img_1632.jpg 0.0 120.0 0.0 0.0
img_1633.jpg 0.0 120.0 0.0 0.0
img_1634.jpg 0.0 120.0 0.0 0.0
img_1635.jpg 0.0 120.0 0.0 0.0
img_1636.jpg 0.0 84.742095578 0.0 0.0
img_1637.jpg 12.5988769531 0.0 0.0 0.0
img_1638.jpg 21.5759277344 0.0 0.0 0.0
img_1639.jpg 21.8908691406 0.0 0.0 0.0
img_1640.jpg 21.8908691406 0.0 0.0 0.0
img_1641.jpg 21.8908691406 0.0 0.0 0.0
img_1642.jpg 21.8908691406 0.0 0.0 0.0
img_1643.jpg 21.8908691406 0.0 0.0 0.0
img_1644.jpg 21.8908691406 0.0 0.0 0.0
img_1645.jpg 21.8908691406 0.0 0.0 0.0
img_1646.jpg 21.8908691406 0.0 0.0 0.0
img_1647.jpg 21.8908691406 0.0 0.0 0.0
img_1648.jpg 21.8908691406 0.0 0.0 0.0
img_1649.jpg 21.8908691406 0.0 0.0 0.0
img_1650.jpg 21.8908691406 0.0 0.0 0.0
img_1651.jpg 21.8908691406 0.0 0.0 0.0
img_1652.jpg 21.8908691406 0.0 0.0 0.0
img_1653.jpg 21.8908691406 0.0 0.0 0.0
img_1654.jpg 21.8908691406 0.0 0.0 0.0
img_1655.jpg 21.5759277344 0.0 0.0 0.0
img_1656.jpg 0.0 51.1771594268 0.0 0.0
img_1657.jpg 0.0 113.71995762 0.0 0.0
img_1658.jpg 0.0 120.0 0.0 0.0
img_1659.jpg 0.0 120.0 0.0 0.0
img_1660.jpg 0.0 120.0 0.0 0.0
img_1661.jpg 0.0 120.0 0.0 0.0
img_1662.jpg 0.0 120.0 0.0 0.0
img_1663.jpg 0.0 120.0 0.0 0.0
img_1664.jpg 0.0 120.0 0.0 0.0
img_1665.jpg 0.0 120.0 0.0 0.0
img_1666.jpg 0.0 120.0 0.0 0.0
img_1667.jpg 0.0 120.0 -90.0 0.0
img_1668.jpg 0.0 120.0 -90.0 0.0
img_1669.jpg 0.0 82.5706797524 -90.0 0.0
img_1670.jpg 0.0 0.0 -90.0 0.0
img_1671.jpg 0.0 0.0 -90.0 0.0
img_1672.jpg 0.0 0.0 -90.0 0.0
img_1673.jpg 0.0 0.0 -90.0 0.0
img_1674.jpg 0.0 -39.4661274014 -90.0 0.0
img_1675.jpg 0.0 -119.995955511 -90.0 0.0
img_1676.jpg 0.0 -119.995955511 -90.0 0.0
img_1677.jpg 0.0 -119.995955511 -90.0 0.0
img_1678.jpg 0.0 -119.995955511 -90.0 0.0
img_1679.jpg 0.0 -119.995955511 -90.0 0.0
img_1680.jpg 14.4885253906 -119.995955511 -90.0 0.0
img_1681.jpg 17.1655273438 -119.995955511 -90.0 0.0
img_1682.jpg 22.36328125 -119.995955511 -90.0 0.0
img_1683.jpg 27.2448730469 -119.995955511 -90.0 0.0
img_1684.jpg 33.701171875 -119.995955511 -90.0 0.0
img_1685.jpg 40.0 -119.995955511 -90.0 0.0
img_1686.jpg 40.0 -119.995955511 -90.0 0.0
img_1687.jpg 21.0205078125 -38.0869565217 -90.0 0.0
img_1688.jpg 0.0 0.0 -90.0 0.0
img_1689.jpg 0.0 0.0 -90.0 0.0
img_1690.jpg 0.0 0.0 -90.0 0.0
img_1691.jpg 0.0 0.0 -90.0 0.0
img_1692.jpg 0.0 0.0 -90.0 0.0
img_1693.jpg 0.0 0.0 -90.0 0.0
img_1694.jpg 0.0 0.0 -90.0 0.0
img_1695.jpg 0.0 0.0 90.0 0.0
img_1696.jpg 0.0 0.0 90.0 0.0
img_1697.jpg 0.0 0.0 90.0 0.0
img_1698.jpg 0.0 0.0 90.0 0.0
img_1699.jpg 0.0 0.0 90.0 0.0
img_1700.jpg 0.0 0.0 90.0 0.0
img_1701.jpg 8.6279296875 0.0 0.0 0.0
img_1702.jpg 39.0588378906 0.0 0.0 0.0
img_1703.jpg 40.0 0.0 0.0 0.0
img_1704.jpg 40.0 0.0 0.0 0.0
img_1705.jpg 40.0 0.0 0.0 0.0
img_1706.jpg 40.0 0.0 0.0 0.0
img_1707.jpg 40.0 0.0 0.0 0.0
img_1708.jpg 40.0 0.0 0.0 0.0
img_1709.jpg 40.0 0.0 0.0 0.0
img_1710.jpg 40.0 0.0 0.0 0.0
img_1711.jpg 40.0 0.0 0.0 0.0
img_1712.jpg 40.0 0.0 0.0 0.0
img_1713.jpg 0.0 0.0 -90.0 0.0
img_1714.jpg 0.0 0.0 -90.0 0.0
img_1715.jpg 0.0 0.0 -90.0 0.0
img_1716.jpg 0.0 0.0 -90.0 0.0
img_1717.jpg 0.0 0.0 -90.0 0.0
img_1718.jpg 0.0 0.0 -90.0 0.0
img_1719.jpg 0.0 0.0 -90.0 0.0
img_1720.jpg 0.0 0.0 -90.0 0.0
img_1721.jpg 0.0 0.0 90.0 0.0
img_1722.jpg 0.0 0.0 90.0 0.0
img_1723.jpg 0.0 0.0 90.0 0.0
img_1724.jpg 0.0 0.0 90.0 0.0
img_1725.jpg 0.0 0.0 90.0 0.0
img_1726.jpg 0.0 0.0 90.0 0.0
img_1727.jpg 0.0 0.0 90.0 0.0
img_1728.jpg 0.0 0.0 90.0 0.0
img_1729.jpg 0.0 0.0 90.0 0.0
img_1730.jpg 0.0 18.5758099593 0.0 0.0
img_1731.jpg 0.0 95.8501087381 0.0 0.0
img_1732.jpg 0.0 120.0 0.0 0.0
img_1733.jpg 0.0 120.0 0.0 0.0
img_1734.jpg 0.0 120.0 0.0 0.0
img_1735.jpg 0.0 120.0 0.0 0.0
img_1736.jpg 0.0 120.0 0.0 0.0
img_1737.jpg 0.0 120.0 0.0 0.0
img_1738.jpg 0.0 54.0746110523 0.0 0.0
img_1739.jpg 21.8322753906 0.0 0.0 0.0
img_1740.jpg 34.5043945312 0.0 0.0 0.0
img_1741.jpg 34.3518066406 0.0 0.0 0.0
img_1742.jpg 9.77172851562 0.0 0.0 0.0
img_1743.jpg 8.70239257812 0.0 0.0 0.0
img_1744.jpg 27.939453125 0.0 0.0 0.0
img_1745.jpg 27.7868652344 0.0 0.0 0.0
img_1746.jpg 10.2294921875 0.0 0.0 0.0
img_1747.jpg 0.0 98.0248703508 0.0 0.0
img_1748.jpg 0.0 120.0 0.0 0.0
img_1749.jpg 0.0 120.0 0.0 0.0
img_1750.jpg 0.0 120.0 0.0 0.0
img_1751.jpg 0.0 120.0 -90.0 0.0
img_1752.jpg 0.0 120.0 -90.0 0.0
img_1753.jpg 0.0 120.0 -90.0 0.0
img_1754.jpg 0.0 35.2378296994 -90.0 0.0
img_1755.jpg 0.0 0.0 -90.0 0.0
img_1756.jpg 0.0 0.0 -90.0 0.0
img_1757.jpg 0.0 0.0 -90.0 0.0
img_1758.jpg 0.0 -50.511627907 -90.0 0.0
img_1759.jpg 0.0 -119.995955511 -90.0 0.0
img_1760.jpg 0.0 -119.995955511 -90.0 0.0
img_1761.jpg 0.0 -119.995955511 -90.0 0.0
img_1762.jpg 0.0 -119.995955511 -90.0 0.0
img_1763.jpg -2.99072265625 -119.995955511 -90.0 0.0
img_1764.jpg -3.50341796875 -119.995955511 -90.0 0.0
img_1765.jpg -6.32446289062 -119.995955511 -90.0 0.0
img_1766.jpg -8.54614257812 -119.995955511 -90.0 0.0
img_1767.jpg -10.6823730469 -119.995955511 -90.0 0.0
img_1768.jpg -13.8452148438 -119.995955511 -90.0 0.0
img_1769.jpg -18.0334472656 -119.995955511 -90.0 0.0
img_1770.jpg -23.9306640625 -119.995955511 -90.0 0.0
img_1771.jpg -33.3312988281 -119.995955511 -90.0 0.0
img_1772.jpg -28.6315917969 0.0 -90.0 0.0
img_1773.jpg 0.0 0.0 -90.0 0.0
img_1774.jpg 0.0 0.0 -90.0 0.0
img_1775.jpg 0.0 0.0 -90.0 0.0
img_1776.jpg 0.0 0.0 -90.0 0.0
img_1777.jpg 0.0 0.0 90.0 0.0
img_1778.jpg 0.0 0.0 90.0 0.0
img_1779.jpg 0.0 0.0 90.0 0.0
img_1780.jpg 0.0 0.0 90.0 0.0
img_1781.jpg -10.2551269531 0.0 0.0 0.0
img_1782.jpg -16.3232421875 0.0 0.0 0.0
img_1783.jpg -18.4606933594 0.0 0.0 0.0
img_1784.jpg -21.4514160156 0.0 0.0 0.0
img_1785.jpg -23.759765625 0.0 0.0 0.0
img_1786.jpg -25.9814453125 0.0 0.0 0.0
img_1787.jpg -26.3232421875 0.0 0.0 0.0
img_1788.jpg -26.4086914062 0.0 0.0 0.0
img_1789.jpg -26.4086914062 0.0 0.0 0.0
img_1790.jpg -26.3232421875 0.0 0.0 0.0
img_1791.jpg -26.4086914062 0.0 0.0 0.0
img_1792.jpg -25.5541992188 37.1716946412 0.0 0.0
img_1793.jpg -10.4260253906 83.7751631071 0.0 0.0
img_1794.jpg 0.0 86.4317180617 0.0 0.0
img_1795.jpg 0.0 41.5178720794 0.0 0.0
img_1796.jpg -9.14428710938 0.0 0.0 0.0
img_1797.jpg -24.3579101562 0.0 0.0 0.0
img_1798.jpg -25.126953125 0.0 0.0 0.0
img_1799.jpg -22.9052734375 0.0 0.0 0.0
img_1800.jpg -6.83715820312 0.0 0.0 0.0
img_1801.jpg -16.8359375 0.0 0.0 0.0
img_1802.jpg -15.3833007812 0.0 0.0 0.0
img_1803.jpg -14.9560546875 0.0 0.0 0.0
img_1804.jpg -19.4860839844 0.0 0.0 0.0
img_1805.jpg -19.4006347656 0.0 0.0 0.0
img_1806.jpg -19.3151855469 0.0 0.0 0.0
img_1807.jpg -19.2297363281 0.0 0.0 0.0
img_1808.jpg -18.8024902344 0.0 0.0 0.0
img_1809.jpg -18.7170410156 0.0 0.0 0.0
img_1810.jpg -18.7170410156 0.0 0.0 0.0
img_1811.jpg -18.7170410156 0.0 0.0 0.0
img_1812.jpg -10.6823730469 0.0 0.0 0.0
img_1813.jpg 0.0 6.17966876708 0.0 0.0
img_1814.jpg 0.0 85.9499247198 0.0 0.0
img_1815.jpg 0.0 120.0 0.0 0.0
img_1816.jpg 0.0 120.0 0.0 0.0
img_1817.jpg 0.0 120.0 0.0 0.0
img_1818.jpg 0.0 120.0 0.0 0.0
img_1819.jpg 0.0 120.0 0.0 0.0
img_1820.jpg 0.0 120.0 0.0 0.0
img_1821.jpg 0.0 120.0 0.0 0.0
img_1822.jpg 0.0 120.0 -90.0 0.0
img_1823.jpg 0.0 120.0 -90.0 0.0
img_1824.jpg 0.0 120.0 -90.0 0.0
img_1825.jpg 0.0 120.0 -90.0 0.0
img_1826.jpg 0.0 120.0 -90.0 0.0
img_1827.jpg 0.0 120.0 -90.0 0.0
img_1828.jpg 0.0 99.9553895054 -90.0 0.0
img_1829.jpg 0.0 0.0 -90.0 0.0
img_1830.jpg 0.0 0.0 90.0 0.0
img_1831.jpg 0.0 0.0 90.0 0.0
img_1832.jpg 0.0 0.0 90.0 0.0
img_1833.jpg 0.0 0.0 90.0 0.0
img_1834.jpg 0.0 0.0 90.0 0.0
img_1835.jpg 0.0 0.0 90.0 0.0
img_1836.jpg 0.0 0.0 90.0 0.0
img_1837.jpg 0.0 54.0746110523 90.0 0.0
img_1838.jpg 0.0 120.0 90.0 0.0
img_1839.jpg 0.0 120.0 90.0 0.0
img_1840.jpg 0.0 120.0 90.0 0.0
img_1841.jpg 0.0 120.0 90.0 0.0
img_1842.jpg 0.0 120.0 90.0 0.0
img_1843.jpg 0.0 120.0 0.0 0.0
img_1844.jpg 0.0 120.0 0.0 0.0
img_1845.jpg 0.0 120.0 0.0 0.0
img_1846.jpg 0.0 0.0 -90.0 0.0
img_1847.jpg 0.0 0.0 -90.0 0.0
img_1848.jpg 0.0 0.0 -90.0 0.0
img_1849.jpg 0.0 0.0 -90.0 0.0
img_1850.jpg 0.0 0.0 -90.0 0.0
img_1851.jpg 0.0 0.0 -90.0 0.0
img_1852.jpg 0.0 0.0 -90.0 0.0
img_1853.jpg 0.0 0.0 -90.0 0.0
img_1854.jpg 0.0 0.0 -90.0 0.0
img_1855.jpg 0.0 0.0 -90.0 0.0
img_1856.jpg 0.0 0.0 -90.0 0.0
img_1857.jpg 0.0 0.0 -90.0 0.0
img_1858.jpg 0.0 -76.7401415571 -90.0 0.0
img_1859.jpg 0.0 -119.995955511 -90.0 0.0
img_1860.jpg 0.0 -119.995955511 -90.0 0.0
img_1861.jpg 0.0 -119.995955511 -90.0 0.0
img_1862.jpg 0.0 -119.995955511 -90.0 0.0
img_1863.jpg 0.0 -119.995955511 -90.0 0.0
img_1864.jpg 0.0 -119.995955511 -90.0 0.0
img_1865.jpg 0.0 -119.995955511 -90.0 0.0
img_1866.jpg 17.099609375 -119.995955511 -90.0 0.0
img_1867.jpg 35.87890625 -119.995955511 -90.0 0.0
img_1868.jpg 38.779296875 -119.995955511 -90.0 0.0
img_1869.jpg 39.0844726562 -119.995955511 -90.0 0.0
img_1870.jpg 39.0844726562 -119.995955511 -90.0 0.0
img_1871.jpg 40.0 -119.995955511 -90.0 0.0
img_1872.jpg 32.5659179688 -99.7492416582 -90.0 0.0
img_1873.jpg -9.31518554688 0.0 0.0 0.0
img_1874.jpg -15.5541992188 0.0 0.0 0.0
img_1875.jpg -16.6650390625 0.0 0.0 0.0
img_1876.jpg -17.6062011719 0.0 0.0 0.0
img_1877.jpg -18.5461425781 0.0 0.0 0.0
img_1878.jpg -19.4860839844 0.0 0.0 0.0
img_1879.jpg -23.8452148438 0.0 0.0 0.0
img_1880.jpg -24.9560546875 0.0 0.0 0.0
img_1881.jpg -25.5541992188 0.0 0.0 0.0
img_1882.jpg -25.5541992188 0.0 0.0 0.0
img_1883.jpg -25.5541992188 0.0 0.0 0.0
img_1884.jpg -25.6396484375 0.0 0.0 0.0
img_1885.jpg -25.6396484375 0.0 0.0 0.0
img_1886.jpg -25.6396484375 0.0 0.0 0.0
img_1887.jpg -23.076171875 0.0 0.0 0.0
img_1888.jpg 0.0 0.0 90.0 0.0
img_1889.jpg 0.0 0.0 90.0 0.0
img_1890.jpg 0.0 0.0 90.0 0.0
img_1891.jpg 0.0 0.0 90.0 0.0
img_1892.jpg 0.0 49.728433614 0.0 0.0
img_1893.jpg 0.0 101.163218647 0.0 0.0
img_1894.jpg 0.0 105.991189427 0.0 0.0
img_1895.jpg 0.0 110.822505995 0.0 0.0
img_1896.jpg 0.0 111.304299336 0.0 0.0
img_1897.jpg 0.0 112.512128478 0.0 0.0
img_1898.jpg 0.0 116.135615904 0.0 0.0
img_1899.jpg 0.0 118.5479284 0.0 0.0
img_1900.jpg 0.0 118.792170858 -90.0 0.0
img_1901.jpg 0.0 118.066135058 -90.0 0.0
img_1902.jpg 0.0 34.5151396866 -90.0 0.0
img_1903.jpg 0.0 0.0 -90.0 0.0
img_1904.jpg 0.0 0.0 -90.0 0.0
img_1905.jpg 0.0 0.0 -90.0 0.0
img_1906.jpg 0.0 0.0 -90.0 0.0
img_1907.jpg 0.0 0.0 -90.0 0.0
img_1908.jpg 0.0 0.0 -90.0 0.0
img_1909.jpg 0.0 0.0 -90.0 0.0
img_1910.jpg 0.0 0.0 -90.0 0.0
img_1911.jpg 0.0 0.0 -90.0 0.0
img_1912.jpg 0.0 0.0 -90.0 0.0
img_1913.jpg 0.0 0.0 -90.0 0.0
img_1914.jpg 0.0 0.0 -90.0 0.0
img_1915.jpg 0.0 0.0 -90.0 0.0
img_1916.jpg 0.0 0.0 90.0 0.0
img_1917.jpg 0.0 0.0 90.0 0.0
img_1918.jpg 0.0 0.0 90.0 0.0
img_1919.jpg 0.0 0.0 90.0 0.0
img_1920.jpg 0.0 0.0 90.0 0.0
img_1921.jpg 0.0 0.0 90.0 0.0
img_1922.jpg 15.6140136719 0.0 0.0 0.0
img_1923.jpg 26.9152832031 0.0 0.0 0.0
img_1924.jpg 27.0642089844 0.0 0.0 0.0
img_1925.jpg 26.9152832031 0.0 0.0 0.0
img_1926.jpg 26.9152832031 0.0 0.0 0.0
img_1927.jpg 26.9152832031 0.0 0.0 0.0
img_1928.jpg 26.9152832031 0.0 0.0 0.0
img_1929.jpg 26.9152832031 0.0 0.0 0.0
img_1930.jpg 26.9152832031 0.0 0.0 0.0
img_1931.jpg 26.9152832031 0.0 0.0 0.0
img_1932.jpg 26.9152832031 0.0 0.0 0.0
img_1933.jpg 26.7663574219 0.0 0.0 0.0
img_1934.jpg 26.7663574219 0.0 0.0 0.0
img_1935.jpg 0.0 0.0 90.0 0.0
img_1936.jpg 0.0 0.0 90.0 0.0
img_1937.jpg 0.0 0.0 90.0 0.0
img_1938.jpg 0.0 0.0 90.0 0.0
img_1939.jpg 0.0 0.0 90.0 0.0
img_1940.jpg 0.0 27.5124072938 0.0 0.0
img_1941.jpg 0.0 83.7751631071 0.0 0.0
img_1942.jpg 0.0 105.268499414 0.0 0.0
img_1943.jpg 0.0 119.2739642 0.0 0.0
img_1944.jpg 0.0 120.0 0.0 0.0
img_1945.jpg 0.0 120.0 0.0 0.0
img_1946.jpg 0.0 120.0 0.0 0.0
img_1947.jpg 0.0 120.0 0.0 0.0
img_1948.jpg 0.0 50.9362627558 0.0 0.0
img_1949.jpg 0.0 0.0 90.0 0.0
img_1950.jpg 0.0 0.0 90.0 0.0
img_1951.jpg 0.0 0.0 90.0 0.0
img_1952.jpg 0.0 0.0 90.0 0.0
img_1953.jpg 0.0 0.0 90.0 0.0
img_1954.jpg 0.0 38.8613171249 0.0 0.0
img_1955.jpg 0.0 86.4317180617 0.0 0.0
img_1956.jpg 0.0 92.7117604416 0.0 0.0
img_1957.jpg 0.0 93.4344504545 0.0 0.0
img_1958.jpg 0.0 94.1604862544 0.0 0.0
img_1959.jpg 0.0 106.476328556 0.0 0.0
img_1960.jpg 0.0 112.753025149 0.0 0.0
img_1961.jpg 0.0 112.99392182 0.0 0.0
img_1962.jpg 0.0 112.99392182 0.0 0.0
img_1963.jpg 0.0 112.99392182 0.0 0.0
img_1964.jpg 0.0 113.238164278 0.0 0.0
img_1965.jpg 0.0 113.479060949 0.0 0.0
img_1966.jpg 0.0 114.201750962 0.0 0.0
img_1967.jpg 0.0 117.343445045 0.0 0.0
img_1968.jpg 0.0 118.792170858 0.0 0.0
img_1969.jpg 0.0 118.792170858 0.0 0.0
img_1970.jpg 0.0 118.792170858 0.0 0.0
img_1971.jpg 0.0 118.792170858 0.0 0.0
img_1972.jpg 0.0 118.792170858 0.0 0.0
img_1973.jpg 0.0 118.5479284 0.0 0.0
img_1974.jpg 0.0 118.307031729 0.0 0.0
img_1975.jpg 0.0 118.307031729 0.0 0.0
img_1976.jpg 0.0 118.066135058 -90.0 0.0
img_1977.jpg 0.0 118.066135058 -90.0 0.0
img_1978.jpg 0.0 63.9747950705 -90.0 0.0
img_1979.jpg 0.0 0.0 -90.0 0.0
img_1980.jpg 0.0 0.0 -90.0 0.0
img_1981.jpg 0.0 0.0 -90.0 0.0
img_1982.jpg 0.0 0.0 -90.0 0.0
img_1983.jpg 0.0 0.0 -90.0 0.0
img_1984.jpg 0.0 0.0 -90.0 0.0
img_1985.jpg 0.0 0.0 -90.0 0.0
img_1986.jpg 0.0 0.0 -90.0 0.0
img_1987.jpg 0.0 -72.1415571284 0.0 0.0
img_1988.jpg 0.0 -119.995955511 0.0 0.0
img_1989.jpg 0.0 -119.995955511 0.0 0.0
img_1990.jpg 0.0 -119.995955511 0.0 0.0
img_1991.jpg 0.0 -119.995955511 0.0 0.0
img_1992.jpg 0.0 -119.995955511 0.0 0.0
img_1993.jpg 0.0 -119.995955511 0.0 0.0
img_1994.jpg 0.0 -119.995955511 0.0 0.0
img_1995.jpg 0.0 -119.995955511 0.0 0.0
img_1996.jpg 0.0 -119.995955511 0.0 0.0
img_1997.jpg 0.0 -119.995955511 0.0 0.0
img_1998.jpg 0.0 -119.995955511 0.0 0.0
img_1999.jpg 0.0 -119.995955511 0.0 0.0
img_2000.jpg 0.0 -119.995955511 0.0 0.0
img_2001.jpg 0.0 -119.995955511 0.0 0.0
img_2002.jpg 0.0 -119.995955511 0.0 0.0
img_2003.jpg -3.16162109375 0.0 0.0 0.0
img_2004.jpg -15.8959960938 0.0 0.0 0.0
img_2005.jpg -19.4860839844 0.0 0.0 0.0
img_2006.jpg -19.8278808594 0.0 0.0 0.0
img_2007.jpg -20.0842285156 0.0 0.0 0.0
img_2008.jpg -20.4260253906 0.0 0.0 0.0
img_2009.jpg -21.0241699219 0.0 0.0 0.0
img_2010.jpg -20.9387207031 0.0 0.0 0.0
img_2011.jpg -20.9387207031 0.0 0.0 0.0
img_2012.jpg -21.0241699219 0.0 0.0 0.0
img_2013.jpg -20.9387207031 0.0 0.0 0.0
img_2014.jpg -20.9387207031 0.0 0.0 0.0
img_2015.jpg -20.9387207031 0.0 0.0 0.0
img_2016.jpg -20.9387207031 0.0 0.0 0.0
img_2017.jpg -20.9387207031 0.0 0.0 0.0
img_2018.jpg -20.9387207031 0.0 0.0 0.0
img_2019.jpg -20.9387207031 0.0 0.0 0.0
img_2020.jpg -20.9387207031 0.0 0.0 0.0
img_2021.jpg -9.57153320312 0.0 0.0 0.0
img_2022.jpg -15.9814453125 0.0 0.0 0.0
img_2023.jpg -19.9987792969 0.0 0.0 0.0
img_2024.jpg -21.6223144531 0.0 0.0 0.0
img_2025.jpg -22.3913574219 0.0 0.0 0.0
img_2026.jpg -22.5622558594 0.0 0.0 0.0
img_2027.jpg -22.5622558594 0.0 0.0 0.0
img_2028.jpg -22.6477050781 0.0 0.0 0.0
img_2029.jpg -22.6477050781 0.0 0.0 0.0
img_2030.jpg -22.6477050781 0.0 0.0 0.0
img_2031.jpg -22.5622558594 0.0 0.0 0.0
img_2032.jpg 0.0 19.5427424302 0.0 0.0
img_2033.jpg 0.0 55.0415435231 0.0 0.0
img_2034.jpg 0.0 58.6616851614 0.0 0.0
img_2035.jpg 0.0 58.9025818324 0.0 0.0
img_2036.jpg 0.0 58.9025818324 0.0 0.0
img_2037.jpg 0.0 60.1104109742 0.0 0.0
img_2038.jpg 0.0 71.9444599342 0.0 0.0
img_2039.jpg 0.0 79.9141247979 0.0 0.0
img_2040.jpg 0.0 80.3959181397 0.0 0.0
img_2041.jpg 0.0 80.3959181397 0.0 0.0
img_2042.jpg 0.0 79.9141247979 0.0 0.0
img_2043.jpg 0.0 79.4289856689 0.0 0.0
img_2044.jpg 0.0 79.4289856689 0.0 0.0
img_2045.jpg 0.0 56.0051302069 0.0 0.0
img_2046.jpg 0.0 0.0 90.0 0.0
img_2047.jpg 0.0 0.0 90.0 0.0
img_2048.jpg 0.0 0.0 90.0 0.0
img_2049.jpg 0.0 0.0 90.0 0.0
img_2050.jpg 0.0 0.0 90.0 0.0
img_2051.jpg -16.4086914062 0.0 0.0 0.0
img_2052.jpg -25.8959960938 0.0 0.0 0.0
img_2053.jpg -25.8959960938 0.0 0.0 0.0
img_2054.jpg -25.8959960938 0.0 0.0 0.0
img_2055.jpg -19.1442871094 0.0 0.0 0.0
img_2056.jpg 0.0 118.066135058 0.0 0.0
img_2057.jpg 0.0 120.0 0.0 0.0
img_2058.jpg 0.0 120.0 0.0 0.0
img_2059.jpg 0.0 120.0 0.0 0.0
img_2060.jpg 0.0 120.0 0.0 0.0
img_2061.jpg 0.0 120.0 0.0 0.0
img_2062.jpg 0.0 120.0 0.0 0.0
img_2063.jpg 0.0 120.0 0.0 0.0
img_2064.jpg 0.0 120.0 0.0 0.0
img_2065.jpg 0.0 120.0 -90.0 0.0
img_2066.jpg 0.0 120.0 -90.0 0.0
img_2067.jpg 0.0 50.2102269559 -90.0 0.0
img_2068.jpg 0.0 0.0 -90.0 0.0
img_2069.jpg 0.0 0.0 -90.0 0.0
img_2070.jpg 0.0 0.0 -90.0 0.0
img_2071.jpg 0.0 0.0 -90.0 0.0
img_2072.jpg 0.0 0.0 -90.0 0.0
img_2073.jpg 0.0 0.0 -90.0 0.0
img_2074.jpg 0.0 0.0 -90.0 0.0
img_2075.jpg 0.0 0.0 -90.0 0.0
img_2076.jpg 0.0 0.0 -90.0 0.0
img_2077.jpg 0.0 0.0 -90.0 0.0
img_2078.jpg 0.0 0.0 -90.0 0.0
img_2079.jpg 0.0 0.0 -90.0 0.0
img_2080.jpg 0.0 -89.6258847321 -90.0 0.0
img_2081.jpg 0.0 -119.995955511 -90.0 0.0
img_2082.jpg 0.0 -119.995955511 -90.0 0.0
img_2083.jpg 0.0 -119.995955511 -90.0 0.0
img_2084.jpg 0.0 -119.995955511 -90.0 0.0
img_2085.jpg 0.0 -119.995955511 -90.0 0.0
img_2086.jpg 0.0 -119.995955511 -90.0 0.0
img_2087.jpg 0.0 -119.995955511 -90.0 0.0
img_2088.jpg 25.4284667969 -119.995955511 -90.0 0.0
img_2089.jpg 40.0 -119.995955511 -90.0 0.0
img_2090.jpg 40.0 -119.995955511 -90.0 0.0
img_2091.jpg 40.0 -119.995955511 -90.0 0.0
img_2092.jpg 40.0 -119.995955511 -90.0 0.0
img_2093.jpg 0.0 0.0 -90.0 0.0
img_2094.jpg 0.0 0.0 -90.0 0.0
img_2095.jpg 0.0 0.0 -90.0 0.0
img_2096.jpg 0.0 0.0 -90.0 0.0
img_2097.jpg 0.0 0.0 90.0 0.0
img_2098.jpg 0.0 0.0 90.0 0.0
img_2099.jpg 0.0 0.0 90.0 0.0
img_2100.jpg 0.0 0.0 90.0 0.0
img_2101.jpg 0.0 0.0 90.0 0.0
img_2102.jpg 0.0 0.0 90.0 0.0
img_2103.jpg 0.0 0.0 90.0 0.0
img_2104.jpg 0.0 0.0 90.0 0.0
img_2105.jpg 0.0 0.0 90.0 0.0
img_2106.jpg 0.0 53.1076785814 0.0 0.0
img_2107.jpg 0.0 97.0579378799 0.0 0.0
img_2108.jpg 0.0 103.334634473 0.0 0.0
img_2109.jpg 0.0 104.301566944 0.0 0.0
img_2110.jpg 0.0 104.301566944 0.0 0.0
img_2111.jpg 0.0 104.301566944 0.0 0.0
img_2112.jpg 0.0 107.684157698 0.0 0.0
img_2113.jpg 0.0 108.888641053 0.0 0.0
img_2114.jpg 0.0 108.647744382 0.0 0.0
img_2115.jpg 0.0 108.647744382 0.0 0.0
img_2116.jpg 0.0 108.647744382 0.0 0.0
img_2117.jpg 4.46166992188 106.476328556 0.0 0.0
img_2118.jpg 5.5029296875 101.88590866 0.0 0.0
img_2119.jpg 5.5029296875 76.0497407015 0.0 0.0
img_2120.jpg 5.35400390625 43.6926336921 0.0 0.0
img_2121.jpg 0.0 11.8173200245 0.0 0.0
img_2122.jpg 6.09741210938 0.0 0.0 0.0
img_2123.jpg 26.9152832031 0.0 0.0 0.0
img_2124.jpg 26.9152832031 0.0 0.0 0.0
img_2125.jpg 9.36889648438 0.0 0.0 0.0
img_2126.jpg 8.02978515625 0.0 0.0 0.0
img_2127.jpg 7.88208007812 0.0 0.0 0.0
img_2128.jpg 0.0 0.0 90.0 0.0
img_2129.jpg 0.0 0.0 90.0 0.0
img_2130.jpg 0.0 0.0 90.0 0.0
img_2131.jpg 0.0 0.0 90.0 0.0
img_2132.jpg 0.0 0.0 90.0 0.0
img_2133.jpg 0.0 0.0 90.0 0.0
img_2134.jpg 0.0 49.728433614 0.0 0.0
img_2135.jpg 0.0 92.7117604416 0.0 0.0
img_2136.jpg 0.0 96.091005409 0.0 0.0
img_2137.jpg 0.0 97.0579378799 0.0 0.0
img_2138.jpg 0.0 100.922321976 0.0 0.0
img_2139.jpg 0.0 99.9553895054 0.0 0.0
img_2140.jpg 0.0 100.437182847 0.0 0.0
img_2141.jpg 0.0 99.9553895054 0.0 0.0
img_2142.jpg 0.0 99.9553895054 0.0 0.0
img_2143.jpg 0.0 99.9553895054 0.0 0.0
img_2144.jpg 0.0 99.9553895054 0.0 0.0
img_2145.jpg 0.0 99.9553895054 0.0 0.0
img_2146.jpg 0.0 99.9553895054 0.0 0.0
img_2147.jpg 0.0 99.9553895054 0.0 0.0
img_2148.jpg 0.0 99.9553895054 0.0 0.0
img_2149.jpg 0.0 99.9553895054 0.0 0.0
img_2150.jpg 0.0 99.9553895054 0.0 0.0
img_2151.jpg 0.0 99.9553895054 0.0 0.0
img_2152.jpg 0.0 53.5928177104 0.0 0.0
img_2153.jpg 0.0 0.0 90.0 0.0
img_2154.jpg 0.0 0.0 90.0 0.0
img_2155.jpg 0.0 0.0 90.0 0.0
img_2156.jpg 0.0 0.0 90.0 0.0
img_2157.jpg 0.0 0.0 90.0 0.0
img_2158.jpg 0.0 0.0 90.0 0.0
img_2159.jpg 0.0 0.0 90.0 0.0
img_2160.jpg 0.0 0.0 90.0 0.0
img_2161.jpg 0.0 0.0 90.0 0.0
img_2162.jpg 0.0 0.0 90.0 0.0
img_2163.jpg 0.0 0.0 90.0 0.0
img_2164.jpg 0.0 0.0 90.0 0.0
img_2165.jpg 0.0 0.0 90.0 0.0
img_2166.jpg 0.0 0.0 90.0 0.0
img_2167.jpg 0.0 0.0 90.0 0.0
img_2168.jpg 0.0 0.0 90.0 0.0
img_2169.jpg 0.0 0.0 90.0 0.0
img_2170.jpg 0.0 0.0 90.0 0.0
img_2171.jpg 0.0 0.0 90.0 0.0
img_2172.jpg 5.35400390625 0.0 0.0 0.0
img_2173.jpg 5.5029296875 0.0 0.0 0.0
img_2174.jpg 6.09741210938 0.0 0.0 0.0
img_2175.jpg 6.98974609375 0.0 0.0 0.0
img_2176.jpg 10.1123046875 0.0 0.0 0.0
img_2177.jpg 14.7216796875 0.0 0.0 0.0
img_2178.jpg 15.1684570312 0.0 0.0 0.0
img_2179.jpg 15.3161621094 0.0 0.0 0.0
img_2180.jpg 15.3161621094 0.0 0.0 0.0
img_2181.jpg 16.6552734375 0.0 0.0 0.0
img_2182.jpg 24.23828125 0.0 0.0 0.0
img_2183.jpg 26.9152832031 0.0 0.0 0.0
img_2184.jpg 27.0642089844 0.0 0.0 0.0
img_2185.jpg 27.0642089844 0.0 0.0 0.0
img_2186.jpg 27.2119140625 0.0 0.0 0.0
img_2187.jpg 27.6586914062 0.0 0.0 0.0
img_2188.jpg 28.6999511719 0.0 0.0 0.0
img_2189.jpg 29.1455078125 0.0 0.0 0.0
img_2190.jpg 29.1455078125 0.0 0.0 0.0
img_2191.jpg 22.7514648438 0.0 0.0 0.0
img_2192.jpg 0.0 0.0 90.0 0.0
img_2193.jpg 0.0 0.0 90.0 0.0
img_2194.jpg 0.0 0.0 90.0 0.0
img_2195.jpg 0.0 0.0 90.0 0.0
img_2196.jpg 0.0 0.0 90.0 0.0
img_2197.jpg 0.0 0.0 90.0 0.0
img_2198.jpg 0.0 0.0 90.0 0.0
img_2199.jpg 0.0 0.0 90.0 0.0
img_2200.jpg 0.0 0.0 90.0 0.0
img_2201.jpg 0.0 0.0 90.0 0.0
img_2202.jpg 17.6953125 0.0 0.0 0.0
img_2203.jpg 22.3059082031 0.0 0.0 0.0
img_2204.jpg 11.748046875 0.0 0.0 0.0
img_2205.jpg 12.9370117188 0.0 0.0 0.0
img_2206.jpg 8.02978515625 0.0 0.0 0.0
img_2207.jpg 27.8076171875 0.0 0.0 0.0
img_2208.jpg 28.9965820312 0.0 0.0 0.0
img_2209.jpg 0.0 13.9887358501 0.0 0.0
img_2210.jpg 0.0 91.022137958 0.0 0.0
img_2211.jpg 0.0 99.4735961635 0.0 0.0
img_2212.jpg 0.0 98.9884570345 0.0 0.0
img_2213.jpg 0.0 98.9884570345 0.0 0.0
img_2214.jpg 0.0 97.7806278927 0.0 0.0
img_2215.jpg 0.0 60.5955501032 0.0 0.0
img_2216.jpg 0.0 0.0 90.0 0.0
img_2217.jpg 0.0 0.0 90.0 0.0
img_2218.jpg 0.0 0.0 90.0 0.0
img_2219.jpg 0.0 0.0 90.0 0.0
img_2220.jpg 0.0 0.0 90.0 0.0
img_2221.jpg 0.0 0.0 90.0 0.0
img_2222.jpg 0.0 0.0 90.0 0.0
img_2223.jpg 0.0 51.8998494396 0.0 0.0
img_2224.jpg 0.0 114.686890091 0.0 0.0
img_2225.jpg 0.0 120.0 0.0 0.0
img_2226.jpg 0.0 120.0 0.0 0.0
img_2227.jpg 0.0 120.0 0.0 0.0
img_2228.jpg 0.0 120.0 0.0 0.0
img_2229.jpg 0.0 103.334634473 0.0 0.0
img_2230.jpg 0.0 0.0 90.0 0.0
img_2231.jpg 0.0 0.0 90.0 0.0
img_2232.jpg 0.0 0.0 90.0 0.0
img_2233.jpg 0.0 0.0 90.0 0.0
img_2234.jpg 0.0 0.0 90.0 0.0
img_2235.jpg 0.0 0.0 90.0 0.0
img_2236.jpg 0.0 0.0 90.0 0.0
img_2237.jpg 0.0 0.0 90.0 0.0
img_2238.jpg 0.0 0.0 90.0 0.0
img_2239.jpg 0.0 0.0 90.0 0.0
img_2240.jpg 0.0 13.7478391792 0.0 0.0
img_2241.jpg 0.0 87.6395472035 0.0 0.0
img_2242.jpg 0.0 120.0 0.0 0.0
img_2243.jpg 0.0 120.0 0.0 0.0
img_2244.jpg 0.0 120.0 0.0 0.0
img_2245.jpg 0.0 120.0 0.0 0.0
img_2246.jpg 0.0 120.0 0.0 0.0
img_2247.jpg 0.0 112.030335136 0.0 0.0
img_2248.jpg 0.0 18.0940166174 0.0 0.0
img_2249.jpg 0.0 0.0 90.0 0.0
img_2250.jpg 0.0 0.0 90.0 0.0
img_2251.jpg 0.0 0.0 90.0 0.0
img_2252.jpg 0.0 0.0 90.0 0.0
img_2253.jpg 0.0 0.0 90.0 0.0
img_2254.jpg 20.6701660156 0.0 0.0 0.0
img_2255.jpg 23.1982421875 0.0 0.0 0.0
img_2256.jpg 19.62890625 0.0 0.0 0.0
img_2257.jpg 33.3093261719 0.0 0.0 0.0
img_2258.jpg 33.7548828125 0.0 0.0 0.0
img_2259.jpg 0.0 67.113143367 0.0 0.0
img_2260.jpg 0.0 95.8501087381 0.0 0.0
img_2261.jpg 0.0 96.091005409 0.0 0.0
img_2262.jpg 0.0 96.091005409 0.0 0.0
img_2263.jpg 0.0 96.091005409 0.0 0.0
img_2264.jpg 0.0 98.2657670217 0.0 0.0
img_2265.jpg 0.0 98.5066636926 -90.0 0.0
img_2266.jpg 0.0 98.5066636926 -90.0 0.0
img_2267.jpg 0.0 98.0248703508 -90.0 0.0
img_2268.jpg 0.0 22.6810907266 -90.0 0.0
img_2269.jpg 0.0 0.0 -90.0 0.0
img_2270.jpg 0.0 0.0 -90.0 0.0
img_2271.jpg 0.0 0.0 -90.0 0.0
img_2272.jpg 0.0 0.0 -90.0 0.0
img_2273.jpg 0.0 0.0 -90.0 0.0
img_2274.jpg 0.0 0.0 -90.0 0.0
img_2275.jpg 0.0 0.0 -90.0 0.0
img_2276.jpg 0.0 -119.995955511 -90.0 0.0
img_2277.jpg 0.0 -119.995955511 -90.0 0.0
img_2278.jpg 0.0 -119.995955511 -90.0 0.0
img_2279.jpg 0.0 -119.995955511 -90.0 0.0
img_2280.jpg 0.0 -119.995955511 -90.0 0.0
img_2281.jpg 0.0 -119.995955511 -90.0 0.0
img_2282.jpg 0.0 -119.995955511 -90.0 0.0
img_2283.jpg 0.0 -119.995955511 -90.0 0.0
img_2284.jpg 0.0 -119.995955511 -90.0 0.0
img_2285.jpg 0.0 -119.995955511 -90.0 0.0
img_2286.jpg 0.0 -119.995955511 -90.0 0.0
img_2287.jpg 0.0 -119.995955511 -90.0 0.0
img_2288.jpg 0.0 -119.995955511 -90.0 0.0
img_2289.jpg -2.99072265625 -119.995955511 -90.0 0.0
img_2290.jpg -13.5034179688 -119.995955511 -90.0 0.0
img_2291.jpg -20.1696777344 -119.995955511 -90.0 0.0
img_2292.jpg -22.3913574219 -103.890798787 -90.0 0.0
img_2293.jpg 0.0 0.0 -90.0 0.0
img_2294.jpg -10.1696777344 0.0 0.0 0.0
img_2295.jpg -16.0668945312 0.0 0.0 0.0
img_2296.jpg -21.4514160156 0.0 0.0 0.0
img_2297.jpg -22.3913574219 0.0 0.0 0.0
img_2298.jpg -22.3059082031 0.0 0.0 0.0
img_2299.jpg -22.3913574219 0.0 0.0 0.0
img_2300.jpg -22.7331542969 0.0 0.0 0.0
img_2301.jpg -23.41796875 0.0 0.0 0.0
img_2302.jpg -23.5034179688 0.0 0.0 0.0
img_2303.jpg -23.5888671875 0.0 0.0 0.0
img_2304.jpg -23.5034179688 0.0 0.0 0.0
img_2305.jpg -23.5034179688 0.0 0.0 0.0
img_2306.jpg -23.5034179688 0.0 0.0 0.0
img_2307.jpg -23.5034179688 0.0 0.0 0.0
img_2308.jpg 0.0 19.5427424302 0.0 0.0
img_2309.jpg 0.0 75.0828082306 0.0 0.0
img_2310.jpg 0.0 96.8170412089 0.0 0.0
img_2311.jpg 0.0 98.9884570345 0.0 0.0
img_2312.jpg 0.0 99.7144928344 0.0 0.0
img_2313.jpg 0.0 99.7144928344 0.0 0.0
img_2314.jpg 0.0 99.4735961635 0.0 0.0
img_2315.jpg 0.0 99.4735961635 0.0 0.0
img_2316.jpg 0.0 99.4735961635 0.0 0.0
img_2317.jpg 0.0 92.9526571126 0.0 0.0
img_2318.jpg 0.0 43.2074945631 0.0 0.0
img_2319.jpg 0.0 96.576144538 0.0 0.0
img_2320.jpg 0.0 98.7475603636 0.0 0.0
img_2321.jpg 0.0 98.7475603636 0.0 0.0
img_2322.jpg 0.0 98.5066636926 0.0 0.0
img_2323.jpg 0.0 98.5066636926 0.0 0.0
img_2324.jpg 0.0 84.742095578 0.0 0.0
img_2325.jpg 0.0 18.8200524173 0.0 0.0
img_2326.jpg 0.0 68.3209725088 0.0 0.0
img_2327.jpg 0.0 90.0552054871 0.0 0.0
img_2328.jpg 0.0 90.296102158 0.0 0.0
img_2329.jpg 0.0 90.296102158 0.0 0.0
img_2330.jpg 0.0 90.296102158 0.0 0.0
img_2331.jpg 0.0 90.7778954999 0.0 0.0
img_2332.jpg 0.0 91.022137958 0.0 0.0
img_2333.jpg 0.0 91.022137958 0.0 0.0
img_2334.jpg 0.0 90.7778954999 0.0 0.0
img_2335.jpg 0.0 90.7778954999 0.0 0.0
img_2336.jpg 0.0 90.536998829 0.0 0.0
img_2337.jpg 0.0 90.536998829 0.0 0.0
img_2338.jpg 0.0 90.536998829 0.0 0.0
img_2339.jpg 0.0 90.536998829 0.0 0.0
img_2340.jpg 0.0 90.296102158 0.0 0.0
img_2341.jpg 0.0 90.296102158 0.0 0.0
img_2342.jpg 0.0 34.2742430157 0.0 0.0
img_2343.jpg 0.0 66.872246696 0.0 0.0
img_2344.jpg 0.0 83.5342664362 0.0 0.0
img_2345.jpg 0.0 94.4013829253 0.0 0.0
img_2346.jpg 0.0 96.33190208 0.0 0.0
img_2347.jpg 0.0 96.33190208 0.0 0.0
img_2348.jpg 0.0 96.33190208 0.0 0.0
img_2349.jpg 0.0 96.576144538 0.0 0.0
img_2350.jpg 0.0 96.33190208 0.0 0.0
img_2351.jpg 0.0 96.091005409 0.0 0.0
img_2352.jpg 0.0 96.091005409 0.0 0.0
img_2353.jpg 0.0 96.091005409 0.0 0.0
img_2354.jpg 0.0 96.091005409 0.0 0.0
img_2355.jpg 0.0 96.091005409 0.0 0.0
img_2356.jpg 0.0 70.2548374505 0.0 0.0
img_2357.jpg 6.98974609375 0.0 0.0 0.0
img_2358.jpg 10.2612304688 0.0 0.0 0.0
img_2359.jpg 11.0046386719 0.0 0.0 0.0
img_2360.jpg 11.1535644531 0.0 0.0 0.0
img_2361.jpg 12.3425292969 0.0 0.0 0.0
img_2362.jpg 21.7102050781 0.0 0.0 0.0
img_2363.jpg 30.0378417969 0.0 0.0 0.0
img_2364.jpg 32.2680664062 0.0 0.0 0.0
img_2365.jpg 34.4982910156 0.0 0.0 0.0
img_2366.jpg 35.390625 0.0 0.0 0.0
img_2367.jpg 35.5395507812 0.0 0.0 0.0
img_2368.jpg 35.5395507812 0.0 0.0 0.0
img_2369.jpg 35.5395507812 0.0 0.0 0.0
img_2370.jpg 35.390625 0.0 0.0 0.0
img_2371.jpg 35.390625 0.0 0.0 0.0
img_2372.jpg 35.390625 0.0 0.0 0.0
img_2373.jpg 35.390625 0.0 0.0 0.0
img_2374.jpg 19.4799804688 0.0 0.0 0.0
img_2375.jpg 9.814453125 0.0 0.0 0.0
img_2376.jpg 0.0 45.6231528467 0.0 0.0
img_2377.jpg 0.0 83.5342664362 0.0 0.0
img_2378.jpg 0.0 83.7751631071 0.0 0.0
img_2379.jpg 0.0 84.2603022361 0.0 0.0
img_2380.jpg 0.0 84.2603022361 0.0 0.0
img_2381.jpg 0.0 84.2603022361 0.0 0.0
img_2382.jpg 0.0 84.0194055652 0.0 0.0
img_2383.jpg 0.0 83.7751631071 0.0 0.0
img_2384.jpg 0.0 49.728433614 0.0 0.0
img_2385.jpg 0.0 56.4902693359 0.0 0.0
img_2386.jpg 0.0 97.5397312218 0.0 0.0
img_2387.jpg 0.0 101.645011989 0.0 0.0
img_2388.jpg 0.0 101.645011989 0.0 0.0
img_2389.jpg 0.0 101.645011989 0.0 0.0
img_2390.jpg 0.0 101.645011989 0.0 0.0
img_2391.jpg 0.0 101.645011989 0.0 0.0
img_2392.jpg 0.0 101.645011989 0.0 0.0
img_2393.jpg 0.0 101.404115318 0.0 0.0
img_2394.jpg 0.0 101.404115318 0.0 0.0
img_2395.jpg 0.0 101.404115318 0.0 0.0
img_2396.jpg 0.0 86.9168571907 0.0 0.0
img_2397.jpg 0.0 49.4875369431 0.0 0.0
img_2398.jpg 0.0 80.8777114816 0.0 0.0
img_2399.jpg 0.0 80.3959181397 0.0 0.0
img_2400.jpg 0.0 80.3959181397 0.0 0.0
img_2401.jpg 0.0 82.0855406234 0.0 0.0
img_2402.jpg 0.0 84.501198907 0.0 0.0
img_2403.jpg 0.0 93.1935537835 0.0 0.0
img_2404.jpg 0.0 98.2657670217 0.0 0.0
img_2405.jpg 0.0 98.2657670217 0.0 0.0
img_2406.jpg 0.0 98.2657670217 0.0 0.0
img_2407.jpg 0.0 98.2657670217 0.0 0.0
img_2408.jpg 0.0 98.5066636926 0.0 0.0
img_2409.jpg 0.0 98.7475603636 0.0 0.0
img_2410.jpg 0.0 99.7144928344 0.0 0.0
img_2411.jpg 0.0 100.437182847 0.0 0.0
img_2412.jpg 0.0 101.88590866 0.0 0.0
img_2413.jpg 0.0 109.373780182 0.0 0.0
img_2414.jpg 0.0 118.066135058 0.0 0.0
img_2415.jpg 0.0 118.307031729 0.0 0.0
img_2416.jpg 0.0 118.066135058 0.0 0.0
img_2417.jpg 0.0 117.825238387 0.0 0.0
img_2418.jpg 0.0 117.825238387 0.0 0.0
img_2419.jpg 0.0 96.091005409 0.0 0.0
