[[-0.854   0.6485  0.4305 -0.1986]
 [-0.854   0.6485  0.4305 -0.1986]
 [-0.854   0.6485  0.4305 -0.1986]
 [-0.854   0.6485  0.4305 -0.1986]
 [-0.8562  0.6472  0.4233 -0.1808]
 [-0.8591  0.6461  0.4146 -0.1581]
 [-0.8621  0.6448  0.4052 -0.134 ]
 [-0.8651  0.6429  0.3954 -0.1097]
 [-0.8681  0.6406  0.3856 -0.0856]
 [-0.8709  0.6379  0.3757 -0.062 ]
 [-0.8738  0.6353  0.3657 -0.0382]
 [-0.8765  0.6328  0.3561 -0.0151]
 [-0.8792  0.6305  0.3468  0.0071]
 [-0.8817  0.6282  0.3379  0.0282]
 [-0.884   0.6258  0.3294  0.0482]
 [-0.8862  0.6233  0.3212  0.0671]
 [-0.8883  0.6208  0.3133  0.0851]
 [-0.8902  0.6184  0.3058  0.1022]
 [-0.8921  0.6159  0.2986  0.1184]
 [-0.8938  0.6135  0.2916  0.1339]
 [-0.8955  0.6111  0.285   0.1486]
 [-0.897   0.6088  0.2786  0.1626]
 [-0.8985  0.6064  0.2724  0.176 ]
 [-0.8999  0.6041  0.2665  0.1887]
 [-0.9012  0.6017  0.2608  0.2009]
 [-0.9025  0.5994  0.2553  0.2125]
 [-0.9037  0.5971  0.25    0.2236]
 [-0.9047  0.5946  0.245   0.2337]
 [-0.9055  0.5915  0.2403  0.2423]
 [-0.906   0.5877  0.236   0.2491]
 [-0.9063  0.5834  0.2322  0.2542]
 [-0.9063  0.5786  0.2288  0.2575]
 [-0.9061  0.5735  0.226   0.259 ]
 [-0.9056  0.5681  0.2238  0.2587]
 [-0.9048  0.5625  0.2221  0.2566]
 [-0.9046  0.5587  0.2202  0.2572]
 [-0.905   0.5573  0.2174  0.2624]
 [-0.9064  0.5588  0.214   0.2725]
 [-0.9084  0.5626  0.21    0.2868]
 [-0.9109  0.5678  0.2056  0.3038]
 [-0.9135  0.5737  0.2012  0.3213]
 [-0.916   0.5792  0.1969  0.3382]
 [-0.9185  0.5841  0.1922  0.3553]
 [-0.9208  0.5883  0.1877  0.3713]
 [-0.9229  0.5916  0.1833  0.386 ]
 [-0.9247  0.5942  0.179   0.3993]
 [-0.9263  0.5963  0.1751  0.4115]
 [-0.9278  0.5982  0.1714  0.4227]
 [-0.9292  0.6002  0.1679  0.4333]
 [-0.93    0.5982  0.1638  0.4413]
 [-0.9302  0.5933  0.1599  0.4461]
 [-0.93    0.5871  0.1563  0.4484]
 [-0.9296  0.5809  0.1532  0.4496]
 [-0.9294  0.5755  0.1502  0.4514]
 [-0.9293  0.5708  0.147   0.4543]
 [-0.9294  0.5667  0.1439  0.4575]
 [-0.9294  0.5628  0.1409  0.4607]
 [-0.9294  0.5589  0.1381  0.4634]
 [-0.9294  0.5552  0.1355  0.4658]
 [-0.9293  0.5516  0.133   0.4679]
 [-0.9292  0.5483  0.1306  0.4699]
 [-0.9292  0.5452  0.1283  0.4721]
 [-0.9292  0.5423  0.126   0.4744]
 [-0.9292  0.5396  0.1237  0.4768]
 [-0.9293  0.537   0.1215  0.4793]
 [-0.9293  0.5347  0.1193  0.4819]
 [-0.9294  0.5325  0.1171  0.4846]
 [-0.9296  0.5305  0.115   0.4875]
 [-0.9297  0.5286  0.1128  0.4905]
 [-0.9288  0.5241  0.1123  0.4863]
 [-0.927   0.5182  0.1136  0.4761]
 [-0.9253  0.5125  0.1147  0.4665]
 [-0.9242  0.5081  0.1148  0.4609]
 [-0.9236  0.5049  0.1141  0.4587]
 [-0.9234  0.5028  0.1126  0.4594]
 [-0.9237  0.5014  0.1105  0.4628]
 [-0.9225  0.4979  0.1113  0.4564]
 [-0.9203  0.4928  0.1144  0.4422]
 [-0.917   0.4863  0.1195  0.4211]
 [-0.9142  0.4802  0.1237  0.403 ]
 [-0.9123  0.4753  0.1259  0.3912]
 [-0.9111  0.4717  0.1267  0.3847]
 [-0.9106  0.4693  0.1264  0.3822]
 [-0.9104  0.4681  0.1254  0.3827]
 [-0.9107  0.4679  0.124   0.3854]
 [-0.9122  0.4706  0.1205  0.3969]
 [-0.9148  0.4757  0.1154  0.415 ]
 [-0.9182  0.4828  0.1095  0.4377]
 [-0.9219  0.4918  0.1037  0.4622]
 [-0.9252  0.4996  0.0982  0.4845]
 [-0.9286  0.5055  0.0916  0.5078]
 [-0.9312  0.5083  0.0851  0.5275]
 [-0.9326  0.5076  0.0803  0.5391]
 [-0.9328  0.504   0.0773  0.5429]
 [-0.9317  0.4988  0.077   0.5379]
 [-0.9311  0.4965  0.0772  0.5344]
 [-0.9309  0.4967  0.0772  0.5339]
 [-0.9316  0.4996  0.0765  0.5383]
 [-0.9332  0.5052  0.0751  0.5476]
 [-0.9354  0.513   0.0731  0.5608]
 [-0.9381  0.5228  0.0709  0.5766]
 [-0.941   0.5344  0.0691  0.5934]
 [-0.9441  0.5475  0.0679  0.6104]
 [-0.9468  0.5621  0.0691  0.6229]
 [-0.9486  0.578   0.0734  0.6282]
 [-0.9496  0.5953  0.0812  0.626 ]
 [-0.95    0.6137  0.0916  0.6181]
 [-0.95    0.6331  0.1034  0.6073]
 [-0.9509  0.6495  0.1112  0.6043]
 [-0.9525  0.6633  0.1154  0.6083]
 [-0.955   0.6695  0.1123  0.6238]
 [-0.9578  0.67    0.1045  0.6456]
 [-0.9605  0.6663  0.0947  0.668 ]
 [-0.9625  0.6595  0.0846  0.6879]
 [-0.964   0.6503  0.0747  0.7045]
 [-0.9649  0.6396  0.0652  0.7183]
 [-0.9655  0.6298  0.0572  0.7288]
 [-0.9661  0.6218  0.0503  0.7383]
 [-0.9667  0.6157  0.0446  0.7466]
 [-0.9672  0.6114  0.0398  0.7541]
 [-0.9678  0.6084  0.0358  0.761 ]
 [-0.9684  0.6067  0.0325  0.7672]
 [-0.969   0.6062  0.03    0.7727]
 [-0.9695  0.607   0.0283  0.7772]
 [-0.97    0.6091  0.0275  0.7804]
 [-0.9703  0.6125  0.0279  0.7822]
 [-0.9706  0.6172  0.0294  0.7822]
 [-0.9707  0.6235  0.0323  0.7803]
 [-0.9708  0.6312  0.0361  0.7774]
 [-0.9709  0.6401  0.0405  0.7742]
 [-0.9712  0.6499  0.0453  0.7713]
 [-0.971   0.6623  0.053   0.7635]
 [-0.9711  0.6744  0.0601  0.7573]
 [-0.972   0.6794  0.0603  0.7617]
 [-0.9737  0.6786  0.0547  0.7756]
 [-0.9752  0.6738  0.0471  0.7903]
 [-0.9762  0.6663  0.0392  0.803 ]
 [-0.9767  0.6564  0.0311  0.8135]
 [-0.9768  0.6447  0.0232  0.8215]
 [-0.9765  0.6314  0.0154  0.8272]
 [-0.9757  0.6169  0.0083  0.8299]
 [-0.9745  0.6014  0.0019  0.8299]
 [-0.9729  0.5852 -0.0038  0.8271]
 [-0.9708  0.5684 -0.0085  0.821 ]
 [-0.9683  0.5524 -0.0116  0.8117]
 [-0.9661  0.5391 -0.0137  0.8026]
 [-0.9643  0.5288 -0.0152  0.795 ]
 [-0.9629  0.5211 -0.0163  0.789 ]
 [-0.9619  0.5156 -0.0172  0.7848]
 [-0.9612  0.5118 -0.018   0.7822]
 [-0.9608  0.5094 -0.019   0.7814]
 [-0.9607  0.5081 -0.0201  0.7821]
 [-0.9609  0.5074 -0.0216  0.7843]
 [-0.9612  0.5072 -0.0235  0.7881]
 [-0.9618  0.5071 -0.0259  0.7934]
 [-0.9625  0.5069 -0.029   0.8003]
 [-0.9634  0.5064 -0.0327  0.8087]
 [-0.9643  0.5054 -0.0368  0.8174]
 [-0.9651  0.5039 -0.0405  0.8248]
 [-0.9655  0.502  -0.0436  0.8299]
 [-0.9656  0.4999 -0.0459  0.833 ]
 [-0.9656  0.4982 -0.0477  0.8349]
 [-0.9656  0.4971 -0.0493  0.8369]
 [-0.9659  0.4968 -0.051   0.84  ]
 [-0.9663  0.4972 -0.0527  0.8438]
 [-0.9668  0.4984 -0.0543  0.8482]
 [-0.9674  0.5003 -0.0557  0.8529]
 [-0.9681  0.5029 -0.0569  0.8577]
 [-0.9688  0.5061 -0.0578  0.8624]
 [-0.9695  0.51   -0.0585  0.867 ]
 [-0.9702  0.5143 -0.0588  0.8713]
 [-0.971   0.5191 -0.0589  0.8754]
 [-0.9717  0.5243 -0.0587  0.8792]
 [-0.9724  0.5296 -0.0584  0.8828]
 [-0.9731  0.5352 -0.0578  0.8862]
 [-0.9738  0.5409 -0.0572  0.8894]
 [-0.9745  0.5467 -0.0565  0.8924]
 [-0.9751  0.5525 -0.0556  0.8952]
 [-0.9758  0.5583 -0.0547  0.8979]
 [-0.9764  0.5641 -0.0538  0.9004]
 [-0.977   0.5698 -0.0528  0.9028]
 [-0.9776  0.5755 -0.0518  0.9051]
 [-0.9781  0.5811 -0.0508  0.9073]
 [-0.9787  0.5866 -0.0498  0.9094]
 [-0.9792  0.5921 -0.0488  0.9114]
 [-0.9797  0.5974 -0.0478  0.9133]
 [-0.9802  0.6027 -0.0467  0.9151]
 [-0.9807  0.6079 -0.0457  0.9169]
 [-0.9812  0.6129 -0.0447  0.9186]
 [-0.9816  0.6179 -0.0437  0.9202]
 [-0.9821  0.6229 -0.0428  0.9218]
 [-0.9825  0.6277 -0.0418  0.9233]
 [-0.9829  0.6324 -0.0408  0.9248]
 [-0.9833  0.6371 -0.0399  0.9262]
 [-0.9837  0.6417 -0.039   0.9276]
 [-0.9841  0.6461 -0.038   0.9289]
 [-0.9845  0.6506 -0.0371  0.9302]
 [-0.9848  0.6549 -0.0362  0.9314]
 [-0.9852  0.6592 -0.0354  0.9326]
 [-0.9855  0.6634 -0.0345  0.9338]
 [-0.9858  0.6675 -0.0337  0.9349]
 [-0.9862  0.6716 -0.0328  0.936 ]
 [-0.9865  0.6756 -0.032   0.9371]
 [-0.9868  0.6795 -0.0312  0.9381]
 [-0.9871  0.6834 -0.0304  0.9392]
 [-0.9874  0.6872 -0.0297  0.9401]
 [-0.9876  0.691  -0.0289  0.9411]
 [-0.9879  0.6947 -0.0282  0.942 ]
 [-0.9882  0.6983 -0.0274  0.9428]
 [-0.9884  0.7019 -0.0265  0.9432]
 [-0.9885  0.7053 -0.0255  0.9432]
 [-0.9886  0.7086 -0.0245  0.9428]
 [-0.9886  0.7117 -0.0233  0.942 ]
 [-0.9885  0.7147 -0.0221  0.9409]
 [-0.9884  0.7176 -0.0208  0.9395]
 [-0.9883  0.7205 -0.0195  0.9381]
 [-0.9882  0.7233 -0.0182  0.9365]
 [-0.9881  0.7261 -0.017   0.935 ]
 [-0.988   0.7288 -0.0157  0.9334]
 [-0.9878  0.7315 -0.0144  0.9318]
 [-0.9877  0.7341 -0.0132  0.9302]
 [-0.9875  0.7367 -0.0119  0.9285]
 [-0.9874  0.7393 -0.0106  0.9267]
 [-0.9872  0.7418 -0.0094  0.9249]
 [-0.987   0.7442 -0.0081  0.923 ]
 [-0.9868  0.7466 -0.0069  0.9211]
 [-0.9866  0.749  -0.0056  0.9192]
 [-0.9864  0.7513 -0.0044  0.9173]
 [-0.9862  0.7535 -0.0032  0.9153]
 [-0.986   0.7558 -0.002   0.9134]
 [-0.9858  0.758  -0.0008  0.9115]
 [-0.9856  0.7602  0.0004  0.9096]
 [-0.9854  0.7624  0.0015  0.9077]
 [-0.9852  0.7645  0.0026  0.9058]
 [-0.985   0.7666  0.0038  0.904 ]
 [-0.9848  0.7688  0.0049  0.9022]
 [-0.9846  0.7708  0.006   0.9005]
 [-0.9844  0.7729  0.0072  0.8987]
 [-0.9842  0.7748  0.0083  0.8969]
 [-0.984   0.7768  0.0094  0.895 ]
 [-0.9838  0.7786  0.0106  0.8932]
 [-0.9836  0.7805  0.0117  0.8913]
 [-0.9834  0.7822  0.0129  0.8894]
 [-0.9833  0.784   0.014   0.8875]
 [-0.9831  0.7857  0.0152  0.8856]
 [-0.9829  0.7874  0.0163  0.8838]
 [-0.9827  0.789   0.0174  0.8819]
 [-0.9825  0.7906  0.0185  0.8801]
 [-0.9823  0.7922  0.0196  0.8782]
 [-0.9821  0.7938  0.0206  0.8764]
 [-0.9819  0.7954  0.0216  0.8747]
 [-0.9817  0.797   0.0226  0.873 ]
 [-0.9815  0.7986  0.0235  0.8713]
 [-0.9813  0.8001  0.0244  0.8696]
 [-0.9811  0.8017  0.0253  0.868 ]
 [-0.9809  0.8032  0.0261  0.8664]
 [-0.9807  0.8047  0.027   0.8648]
 [-0.9805  0.8062  0.0278  0.8632]
 [-0.9803  0.8077  0.0285  0.8617]
 [-0.9801  0.8092  0.0293  0.8602]
 [-0.9799  0.8106  0.03    0.8587]
 [-0.9796  0.812   0.0308  0.8572]
 [-0.9794  0.8134  0.0315  0.8557]
 [-0.9785  0.8185  0.0309  0.8575]
 [-0.9773  0.825   0.0299  0.8604]
 [-0.9759  0.8316  0.0289  0.8633]
 [-0.9747  0.8379  0.0279  0.8662]
 [-0.9734  0.8443  0.0268  0.8693]
 [-0.9721  0.8507  0.0256  0.8725]
 [-0.9708  0.8573  0.0243  0.8759]
 [-0.9695  0.8638  0.0231  0.8793]
 [-0.9682  0.8704  0.0218  0.8826]
 [-0.9668  0.8768  0.0206  0.8859]
 [-0.9655  0.8831  0.0193  0.8891]
 [-0.9642  0.8894  0.0181  0.8923]
 [-0.9629  0.8956  0.0169  0.8954]
 [-0.9616  0.9018  0.0156  0.8985]
 [-0.9603  0.908   0.0144  0.9017]
 [-0.959   0.9141  0.0131  0.9048]
 [-0.9576  0.9203  0.0118  0.9081]
 [-0.9563  0.9265  0.0104  0.9113]
 [-0.9549  0.9326  0.0091  0.9146]
 [-0.9536  0.9387  0.0077  0.9179]
 [-0.9522  0.9449  0.0063  0.9212]
 [-0.9508  0.9509  0.0049  0.9245]
 [-0.9494  0.9569  0.0035  0.9277]
 [-0.948   0.9629  0.0021  0.931 ]
 [-0.9466  0.9689  0.0007  0.9342]
 [-0.9452  0.9748 -0.0007  0.9374]
 [-0.9438  0.9806 -0.0021  0.9407]
 [-0.9376  0.981  -0.0023  0.9399]
 [-0.9294  0.9796 -0.0023  0.9375]
 [-0.92    0.9771 -0.0021  0.9342]
 [-0.9099  0.9743 -0.0018  0.9306]
 [-0.8995  0.9712 -0.0017  0.927 ]
 [-0.889   0.968  -0.0015  0.9235]
 [-0.8783  0.9648 -0.0015  0.92  ]
 [-0.8676  0.9614 -0.0014  0.9165]
 [-0.8568  0.9579 -0.0013  0.9129]
 [-0.8461  0.9545 -0.0013  0.9094]
 [-0.8356  0.9511 -0.0013  0.9058]
 [-0.8254  0.9479 -0.0012  0.9024]]