img_0.jpg 40.0 0.0 0.0 0.0
img_1.jpg 40.0 0.0 0.0 0.0
img_2.jpg 40.0 0.0 0.0 0.0
img_3.jpg 16.8188476562 0.0 0.0 0.0
img_4.jpg -13.3972167969 0.0 0.0 0.0
img_5.jpg -39.9987792969 0.0 0.0 0.0
img_6.jpg -39.9096679688 0.0 0.0 0.0
img_7.jpg -12.158203125 0.0 0.0 0.0
img_8.jpg -29.8657226562 0.0 0.0 0.0
img_9.jpg -39.9987792969 0.0 0.0 0.0
img_10.jpg -39.9987792969 0.0 0.0 0.0
img_11.jpg -23.1970214844 0.0 0.0 0.0
img_12.jpg 0.0 120.0 0.0 0.0
img_13.jpg 0.0 120.0 0.0 0.0
img_14.jpg 0.0 120.0 0.0 0.0
img_15.jpg 0.0 120.0 0.0 0.0
img_16.jpg 0.0 120.0 0.0 0.0
img_17.jpg 0.0 120.0 0.0 0.0
img_18.jpg 0.0 120.0 0.0 0.0
img_19.jpg 0.0 120.0 0.0 0.0
img_20.jpg 0.0 120.0 0.0 0.0
img_21.jpg 0.0 120.0 0.0 0.0
img_22.jpg 0.0 82.9725363489 0.0 0.0
img_23.jpg -12.6220703125 0.0 0.0 0.0
img_24.jpg -26.0119628906 0.0 0.0 0.0
img_25.jpg 0.0 66.8952109745 0.0 0.0
img_26.jpg 0.0 120.0 0.0 0.0
img_27.jpg 0.0 120.0 0.0 0.0
img_28.jpg 0.0 120.0 0.0 0.0
img_29.jpg 0.0 120.0 0.0 0.0
img_30.jpg 0.0 120.0 0.0 0.0
img_31.jpg 0.0 120.0 0.0 0.0
img_32.jpg 0.0 120.0 0.0 0.0
img_33.jpg 0.0 120.0 0.0 0.0
img_34.jpg 0.0 120.0 0.0 0.0
img_35.jpg 0.0 0.0 -90.0 0.0
img_36.jpg 0.0 0.0 -90.0 0.0
img_37.jpg 0.0 0.0 -90.0 0.0
img_38.jpg 0.0 0.0 -90.0 0.0
img_39.jpg 0.0 0.0 -90.0 0.0
img_40.jpg 0.0 0.0 -90.0 0.0
img_41.jpg 0.0 0.0 -90.0 0.0
img_42.jpg 0.0 0.0 -90.0 0.0
img_43.jpg 0.0 0.0 -90.0 0.0
img_44.jpg 0.0 0.0 -90.0 0.0
img_45.jpg 0.0 -34.0292951921 -90.0 0.0
img_46.jpg 0.0 -119.995864208 -90.0 0.0
img_47.jpg 0.0 -119.995864208 -90.0 0.0
img_48.jpg 0.0 -119.995864208 -90.0 0.0
img_49.jpg 0.0 -119.995864208 -90.0 0.0
img_50.jpg 0.0 -119.995864208 -90.0 0.0
img_51.jpg 0.0 -119.995864208 -90.0 0.0
img_52.jpg 0.0 -119.995864208 -90.0 0.0
img_53.jpg 0.0 -119.995864208 -90.0 0.0
img_54.jpg 0.0 -119.995864208 -90.0 0.0
img_55.jpg 0.0 -119.995864208 -90.0 0.0
img_56.jpg 0.0 -119.995864208 -90.0 0.0
img_57.jpg 0.0 -119.995864208 -90.0 0.0
img_58.jpg 0.0 -119.995864208 -90.0 0.0
img_59.jpg -8.7841796875 -66.4456315699 -90.0 0.0
img_60.jpg 0.0 0.0 -90.0 0.0
img_61.jpg 0.0 0.0 -90.0 0.0
img_62.jpg -39.9987792969 0.0 -90.0 0.0
img_63.jpg -39.9987792969 0.0 -90.0 0.0
img_64.jpg -39.9987792969 0.0 -90.0 0.0
img_65.jpg -39.9987792969 0.0 -90.0 0.0
img_66.jpg -16.474609375 0.0 -90.0 0.0
img_67.jpg -6.962890625 0.0 -90.0 0.0
img_68.jpg 0.0 0.0 -90.0 0.0
img_69.jpg 0.0 0.0 -90.0 0.0
img_70.jpg 0.0 0.0 -90.0 0.0
img_71.jpg 0.0 0.0 -90.0 0.0
img_72.jpg 0.0 0.0 -90.0 0.0
img_73.jpg 0.0 0.0 90.0 0.0
img_74.jpg 0.0 0.0 90.0 0.0
img_75.jpg 0.0 0.0 90.0 0.0
img_76.jpg 0.0 0.0 90.0 0.0
img_77.jpg 0.0 0.0 90.0 0.0
img_78.jpg 0.0 0.0 90.0 0.0
img_79.jpg 0.0 0.0 90.0 0.0
img_80.jpg 0.0 0.0 90.0 0.0
img_81.jpg 0.0 0.0 90.0 0.0
img_82.jpg 0.0 0.0 90.0 0.0
img_83.jpg 0.0 0.0 90.0 0.0
img_84.jpg 0.0 0.0 90.0 0.0
img_85.jpg 0.0 0.0 90.0 0.0
img_86.jpg 0.0 0.0 90.0 0.0
img_87.jpg 0.0 0.0 90.0 0.0
img_88.jpg 0.0 0.0 90.0 0.0
img_89.jpg 0.0 0.0 90.0 0.0
img_90.jpg 0.0 0.0 90.0 0.0
img_91.jpg 0.0 0.0 90.0 0.0
img_92.jpg 0.0 0.0 90.0 0.0
img_93.jpg 0.0 0.0 90.0 0.0
img_94.jpg -2.54760742188 0.0 0.0 0.0
img_95.jpg -23.8623046875 0.0 0.0 0.0
img_96.jpg -39.9987792969 0.0 0.0 0.0
img_97.jpg -39.9987792969 0.0 0.0 0.0
img_98.jpg -38.4765625 0.0 0.0 0.0
img_99.jpg -16.6589355469 0.0 0.0 0.0
img_100.jpg -7.27172851562 0.0 0.0 0.0
img_101.jpg -28.2434082031 0.0 0.0 0.0
img_102.jpg -39.9987792969 0.0 0.0 0.0
img_103.jpg -39.9987792969 0.0 0.0 0.0
img_104.jpg -35.0085449219 0.0 0.0 0.0
img_105.jpg -39.9987792969 0.0 0.0 0.0
img_106.jpg -39.9987792969 0.0 0.0 0.0
img_107.jpg -39.9987792969 0.0 0.0 0.0
img_108.jpg -39.9987792969 0.0 0.0 0.0
img_109.jpg 0.0 79.6834697845 0.0 0.0
img_110.jpg 0.0 120.0 0.0 0.0
img_111.jpg 0.0 120.0 0.0 0.0
img_112.jpg 0.0 120.0 0.0 0.0
img_113.jpg 0.0 120.0 0.0 0.0
img_114.jpg 0.0 120.0 0.0 0.0
img_115.jpg 0.0 120.0 0.0 0.0
img_116.jpg 0.0 120.0 0.0 0.0
img_117.jpg 0.0 120.0 0.0 0.0
img_118.jpg 0.0 120.0 0.0 0.0
img_119.jpg 0.0 120.0 0.0 0.0
img_120.jpg 0.0 120.0 0.0 0.0
img_121.jpg 0.0 120.0 0.0 0.0
img_122.jpg 0.0 120.0 0.0 0.0
img_123.jpg 0.0 120.0 0.0 0.0
img_124.jpg 0.0 120.0 0.0 0.0
img_125.jpg 0.0 120.0 0.0 0.0
img_126.jpg 0.0 120.0 0.0 0.0
img_127.jpg 0.0 120.0 0.0 0.0
img_128.jpg 0.0 120.0 0.0 0.0
img_129.jpg 0.0 120.0 0.0 0.0
img_130.jpg 0.0 120.0 0.0 0.0
img_131.jpg 0.0 120.0 0.0 0.0
img_132.jpg 0.0 120.0 0.0 0.0
img_133.jpg 0.0 59.5252046768 0.0 0.0
img_134.jpg 0.0 30.5939048766 0.0 0.0
img_135.jpg 0.0 0.0 -90.0 0.0
img_136.jpg 0.0 0.0 -90.0 0.0
img_137.jpg 0.0 0.0 -90.0 0.0
img_138.jpg 0.0 0.0 -90.0 0.0
img_139.jpg 0.0 0.0 -90.0 0.0
img_140.jpg 0.0 0.0 -90.0 0.0
img_141.jpg 0.0 0.0 -90.0 0.0
img_142.jpg 0.0 0.0 -90.0 0.0
img_143.jpg 0.0 0.0 -90.0 0.0
img_144.jpg 0.0 0.0 -90.0 0.0
img_145.jpg 0.0 0.0 -90.0 0.0
img_146.jpg 0.0 0.0 -90.0 0.0
img_147.jpg 0.0 0.0 -90.0 0.0
img_148.jpg 0.0 0.0 -90.0 0.0
img_149.jpg 0.0 0.0 -90.0 0.0
img_150.jpg 0.0 0.0 -90.0 0.0
img_151.jpg 0.0 0.0 -90.0 0.0
img_152.jpg 0.0 0.0 -90.0 0.0
img_153.jpg 0.0 0.0 90.0 0.0
img_154.jpg 0.0 0.0 90.0 0.0
img_155.jpg 0.0 0.0 90.0 0.0
img_156.jpg 0.0 0.0 90.0 0.0
img_157.jpg 0.0 -119.995864208 0.0 0.0
img_158.jpg 0.0 -119.995864208 0.0 0.0
img_159.jpg 0.0 -119.995864208 0.0 0.0
img_160.jpg 0.0 -119.995864208 0.0 0.0
img_161.jpg 0.0 -119.995864208 0.0 0.0
img_162.jpg 0.0 -119.995864208 0.0 0.0
img_163.jpg 0.0 -119.995864208 0.0 0.0
img_164.jpg 0.0 -119.995864208 0.0 0.0
img_165.jpg 0.0 -119.995864208 0.0 0.0
img_166.jpg -22.4084472656 0.0 0.0 0.0
img_167.jpg -39.9987792969 0.0 0.0 0.0
img_168.jpg -39.9987792969 0.0 0.0 0.0
img_169.jpg -39.1528320312 0.0 0.0 0.0
img_170.jpg -39.9987792969 0.0 0.0 0.0
img_171.jpg -39.9987792969 0.0 0.0 0.0
img_172.jpg -39.9987792969 0.0 0.0 0.0
img_173.jpg -17.9272460938 0.0 0.0 0.0
img_174.jpg -39.9987792969 0.0 0.0 0.0
img_175.jpg -39.9987792969 0.0 0.0 0.0
img_176.jpg -39.9987792969 0.0 0.0 0.0
img_177.jpg 40.0 0.0 0.0 0.0
img_178.jpg 40.0 0.0 0.0 0.0
img_179.jpg 20.0 0.0 0.0 0.0
img_180.jpg 35.0 0.0 0.0 0.0
img_181.jpg 40.0 0.0 0.0 0.0
img_182.jpg 40.0 0.0 0.0 0.0
img_183.jpg -39.9987792969 0.0 0.0 0.0
img_184.jpg -39.9987792969 0.0 0.0 0.0
img_185.jpg -39.9987792969 0.0 0.0 0.0
img_186.jpg -23.9306640625 0.0 0.0 0.0
img_187.jpg 0.0 22.76717505 0.0 0.0
img_188.jpg 0.0 111.69683196 0.0 0.0
img_189.jpg 0.0 120.0 0.0 0.0
img_190.jpg 0.0 120.0 0.0 0.0
img_191.jpg 0.0 120.0 0.0 0.0
img_192.jpg 0.0 6.60770515594 0.0 0.0
img_193.jpg -31.9641113281 0.0 0.0 0.0
img_194.jpg -36.1083984375 0.0 0.0 0.0
img_195.jpg -13.7829589844 0.0 0.0 0.0
img_196.jpg -39.9987792969 0.0 0.0 0.0
img_197.jpg -27.2290039062 0.0 0.0 0.0
img_198.jpg -37.71484375 0.0 0.0 0.0
img_199.jpg -39.9987792969 0.0 0.0 0.0
img_200.jpg 40.0 0.0 0.0 0.0
img_201.jpg 40.0 0.0 0.0 0.0
img_202.jpg -10.146484375 0.0 0.0 0.0
img_203.jpg -22.578125 0.0 0.0 0.0
img_204.jpg -21.7321777344 0.0 0.0 0.0
img_205.jpg -24.9462890625 0.0 0.0 0.0
img_206.jpg -30.3576660156 0.0 0.0 0.0
img_207.jpg -37.8845214844 0.0 0.0 0.0
img_208.jpg -39.9987792969 0.0 0.0 0.0
img_209.jpg -28.7512207031 0.0 0.0 0.0
img_210.jpg -39.9987792969 0.0 0.0 0.0
img_211.jpg 0.0 91.0654144191 0.0 0.0
img_212.jpg 0.0 120.0 0.0 0.0
img_213.jpg 0.0 120.0 0.0 0.0
img_214.jpg 0.0 120.0 0.0 0.0
img_215.jpg 0.0 120.0 0.0 0.0
img_216.jpg 0.0 120.0 0.0 0.0
img_217.jpg 0.0 120.0 0.0 0.0
img_218.jpg 0.0 120.0 0.0 0.0
img_219.jpg 0.0 120.0 0.0 0.0
img_220.jpg 0.0 120.0 0.0 0.0
img_221.jpg 0.0 120.0 -90.0 0.0
img_222.jpg 0.0 120.0 -90.0 0.0
img_223.jpg 0.0 120.0 -90.0 0.0
img_224.jpg 0.0 120.0 -90.0 0.0
img_225.jpg 0.0 120.0 -90.0 0.0
img_226.jpg 0.0 120.0 -90.0 0.0
img_227.jpg 0.0 120.0 -90.0 0.0
img_228.jpg 0.0 63.3202814819 -90.0 0.0
img_229.jpg 0.0 0.0 -90.0 0.0
img_230.jpg 0.0 0.0 -90.0 0.0
img_231.jpg 0.0 0.0 -90.0 0.0
img_232.jpg 0.0 0.0 -90.0 0.0
img_233.jpg 0.0 0.0 -90.0 0.0
img_234.jpg 0.0 0.0 -90.0 0.0
img_235.jpg 0.0 0.0 -90.0 0.0
img_236.jpg 0.0 0.0 -90.0 0.0
img_237.jpg 0.0 0.0 -90.0 0.0
img_238.jpg 0.0 0.0 -90.0 0.0
img_239.jpg 0.0 -119.995864208 -90.0 0.0
img_240.jpg 0.0 -119.995864208 -90.0 0.0
img_241.jpg 0.0 -119.995864208 -90.0 0.0
img_242.jpg 0.0 -119.995864208 -90.0 0.0
img_243.jpg 0.0 -119.995864208 -90.0 0.0
img_244.jpg 0.0 -119.995864208 -90.0 0.0
img_245.jpg 0.0 -119.995864208 -90.0 0.0
img_246.jpg 0.0 -119.995864208 -90.0 0.0
img_247.jpg 0.0 0.0 -90.0 0.0
img_248.jpg 0.0 0.0 -90.0 0.0
img_249.jpg 0.0 0.0 -90.0 0.0
img_250.jpg 0.0 0.0 -90.0 0.0
img_251.jpg 0.0 0.0 90.0 0.0
img_252.jpg 0.0 0.0 90.0 0.0
img_253.jpg 0.0 0.0 90.0 0.0
img_254.jpg 0.0 0.0 90.0 0.0
img_255.jpg 0.0 0.0 90.0 0.0
img_256.jpg 0.0 0.0 90.0 0.0
img_257.jpg 0.0 0.0 90.0 0.0
img_258.jpg 0.0 0.0 90.0 0.0
img_259.jpg 0.0 0.0 90.0 0.0
img_260.jpg 38.8110351562 0.0 0.0 0.0
img_261.jpg 40.0 0.0 0.0 0.0
img_262.jpg 40.0 0.0 0.0 0.0
img_263.jpg 40.0 0.0 0.0 0.0
img_264.jpg 40.0 -37.3379286576 0.0 0.0
img_265.jpg 40.0 0.0 0.0 0.0
img_266.jpg 40.0 0.0 0.0 0.0
img_267.jpg 40.0 0.0 0.0 0.0
img_268.jpg -11.7541503906 0.0 0.0 0.0
img_269.jpg -39.9987792969 0.0 0.0 0.0
img_270.jpg -39.9987792969 0.0 0.0 0.0
img_271.jpg -25.5383300781 0.0 0.0 0.0
img_272.jpg -39.9987792969 0.0 0.0 0.0
img_273.jpg -30.1892089844 0.0 0.0 0.0
img_274.jpg -37.5463867188 0.0 0.0 0.0
img_275.jpg -39.9987792969 0.0 0.0 0.0
img_276.jpg -39.9987792969 0.0 0.0 0.0
img_277.jpg -39.9987792969 0.0 0.0 0.0
img_278.jpg -39.9987792969 0.0 0.0 0.0
img_279.jpg -39.4909667969 0.0 0.0 0.0
img_280.jpg 15.4650878906 0.0 0.0 0.0
img_281.jpg 40.0 0.0 0.0 0.0
img_282.jpg 31.3757324219 0.0 0.0 0.0
img_283.jpg 0.0 64.7430245612 0.0 0.0
img_284.jpg 0.0 120.0 0.0 0.0
img_285.jpg 0.0 120.0 0.0 0.0
img_286.jpg 0.0 120.0 0.0 0.0
img_287.jpg 0.0 120.0 0.0 0.0
img_288.jpg 0.0 120.0 0.0 0.0
img_289.jpg 0.0 120.0 0.0 0.0
img_290.jpg 0.0 120.0 0.0 0.0
img_291.jpg 0.0 120.0 0.0 0.0
img_292.jpg 0.0 120.0 0.0 0.0
img_293.jpg 0.0 120.0 0.0 0.0
img_294.jpg 0.0 80.3931984338 0.0 0.0
img_295.jpg 0.0 9.66019550396 0.0 0.0
img_296.jpg -39.9987792969 0.0 0.0 0.0
img_297.jpg -39.9987792969 0.0 0.0 0.0
img_298.jpg 0.0 78.9704553545 0.0 0.0
img_299.jpg 0.0 120.0 0.0 0.0
img_300.jpg 0.0 120.0 0.0 0.0
img_301.jpg 0.0 120.0 0.0 0.0
img_302.jpg 0.0 120.0 0.0 0.0
img_303.jpg 0.0 120.0 0.0 0.0
img_304.jpg 0.0 120.0 0.0 0.0
img_305.jpg 0.0 120.0 0.0 0.0
img_306.jpg 0.0 120.0 0.0 0.0
img_307.jpg 0.0 120.0 0.0 0.0
img_308.jpg 0.0 120.0 0.0 0.0
img_309.jpg 0.0 120.0 -90.0 0.0
img_310.jpg 0.0 120.0 -90.0 0.0
img_311.jpg 0.0 120.0 -90.0 0.0
img_312.jpg 0.0 120.0 -90.0 0.0
img_313.jpg 0.0 0.0 -90.0 0.0
img_314.jpg 0.0 0.0 -90.0 0.0
img_315.jpg 0.0 0.0 -90.0 0.0
img_316.jpg 0.0 0.0 -90.0 0.0
img_317.jpg 0.0 0.0 -90.0 0.0
img_318.jpg 0.0 0.0 -90.0 0.0
img_319.jpg 0.0 0.0 -90.0 0.0
img_320.jpg 0.0 0.0 -90.0 0.0
img_321.jpg 0.0 0.0 -90.0 0.0
img_322.jpg 0.0 0.0 -90.0 0.0
img_323.jpg 0.0 0.0 -90.0 0.0
img_324.jpg 0.0 0.0 -90.0 0.0
img_325.jpg 0.0 -119.995864208 -90.0 0.0
img_326.jpg 0.0 -119.995864208 -90.0 0.0
img_327.jpg 0.0 -119.995864208 -90.0 0.0
img_328.jpg 0.0 -119.995864208 -90.0 0.0
img_329.jpg 0.0 -119.995864208 -90.0 0.0
img_330.jpg 0.0 -119.995864208 -90.0 0.0
img_331.jpg 0.0 -119.995864208 -90.0 0.0
img_332.jpg 0.0 -119.995864208 -90.0 0.0
img_333.jpg 0.0 -119.995864208 -90.0 0.0
img_334.jpg 0.0 -119.995864208 -90.0 0.0
img_335.jpg 0.0 -119.995864208 -90.0 0.0
img_336.jpg 0.0 -119.995864208 -90.0 0.0
img_337.jpg 0.0 0.0 -90.0 0.0
img_338.jpg 0.0 0.0 -90.0 0.0
img_339.jpg 0.0 0.0 -90.0 0.0
img_340.jpg 0.0 0.0 -90.0 0.0
img_341.jpg 0.0 0.0 -90.0 0.0
img_342.jpg 0.0 0.0 90.0 0.0
img_343.jpg 0.0 0.0 90.0 0.0
img_344.jpg 0.0 0.0 90.0 0.0
img_345.jpg 0.0 0.0 90.0 0.0
img_346.jpg 0.0 0.0 90.0 0.0
img_347.jpg 0.0 0.0 90.0 0.0
img_348.jpg 0.0 0.0 90.0 0.0
img_349.jpg 0.0 0.0 90.0 0.0
img_350.jpg 0.0 0.0 90.0 0.0
img_351.jpg 0.0 0.0 90.0 0.0
img_352.jpg 0.0 0.0 90.0 0.0
img_353.jpg 0.0 0.0 90.0 0.0
img_354.jpg 0.0 0.0 90.0 0.0
img_355.jpg 0.0 0.0 90.0 0.0
img_356.jpg 0.0 0.0 90.0 0.0
img_357.jpg -2.53662109375 0.0 0.0 0.0
img_358.jpg -37.7990722656 0.0 0.0 0.0
img_359.jpg -39.9987792969 0.0 0.0 0.0
img_360.jpg -39.9987792969 0.0 0.0 0.0
img_361.jpg -10.2319335938 0.0 0.0 0.0
img_362.jpg -16.2353515625 0.0 0.0 0.0
img_363.jpg -39.9987792969 0.0 0.0 0.0
img_364.jpg -39.9987792969 0.0 0.0 0.0
img_365.jpg -34.7546386719 0.0 0.0 0.0
img_366.jpg 4.01489257812 0.0 0.0 0.0
img_367.jpg 40.0 0.0 0.0 0.0
img_368.jpg 0.0 28.9345855809 0.0 0.0
img_369.jpg 0.0 92.7247337148 0.0 0.0
img_370.jpg 0.0 120.0 0.0 0.0
img_371.jpg 0.0 120.0 0.0 0.0
img_372.jpg 0.0 120.0 0.0 0.0
img_373.jpg 0.0 120.0 0.0 0.0
img_374.jpg 0.0 120.0 0.0 0.0
img_375.jpg 0.0 120.0 0.0 0.0
img_376.jpg 0.0 120.0 0.0 0.0
img_377.jpg 0.0 120.0 0.0 0.0
img_378.jpg 0.0 120.0 0.0 0.0
img_379.jpg 0.0 120.0 0.0 0.0
img_380.jpg 0.0 120.0 0.0 0.0
img_381.jpg 0.0 120.0 0.0 0.0
img_382.jpg 0.0 108.851345801 0.0 0.0
img_383.jpg 0.0 109.564360231 0.0 0.0
img_384.jpg 0.0 109.564360231 0.0 0.0
img_385.jpg 0.0 78.2607267052 0.0 0.0
img_386.jpg 0.0 120.0 0.0 0.0
img_387.jpg 0.0 120.0 0.0 0.0
img_388.jpg 0.0 120.0 0.0 0.0
img_389.jpg 0.0 120.0 0.0 0.0
img_390.jpg 0.0 120.0 0.0 0.0
img_391.jpg 0.0 120.0 0.0 0.0
img_392.jpg 0.0 120.0 0.0 0.0
img_393.jpg 0.0 120.0 0.0 0.0
img_394.jpg 0.0 120.0 0.0 0.0
img_395.jpg 0.0 120.0 0.0 0.0
img_396.jpg 0.0 120.0 0.0 0.0
img_397.jpg 0.0 120.0 90.0 0.0
img_398.jpg 0.0 120.0 90.0 0.0
img_399.jpg 0.0 120.0 90.0 0.0
img_400.jpg 0.0 44.8213356699 90.0 0.0
img_401.jpg 0.0 0.0 90.0 0.0
img_402.jpg 0.0 0.0 90.0 0.0
img_403.jpg 0.0 0.0 90.0 0.0
img_404.jpg 0.0 0.0 -90.0 0.0
img_405.jpg 0.0 0.0 -90.0 0.0
img_406.jpg 0.0 0.0 -90.0 0.0
img_407.jpg 0.0 0.0 -90.0 0.0
img_408.jpg 0.0 0.0 -90.0 0.0
img_409.jpg 0.0 0.0 -90.0 0.0
img_410.jpg 0.0 0.0 -90.0 0.0
img_411.jpg 0.0 0.0 -90.0 0.0
img_412.jpg 0.0 0.0 -90.0 0.0
img_413.jpg 0.0 0.0 -90.0 0.0
img_414.jpg 0.0 0.0 -90.0 0.0
img_415.jpg 0.0 0.0 -90.0 0.0
img_416.jpg 0.0 0.0 -90.0 0.0
img_417.jpg 0.0 0.0 -90.0 0.0
img_418.jpg 0.0 0.0 -90.0 0.0
img_419.jpg 0.0 0.0 -90.0 0.0
img_420.jpg 0.0 0.0 -90.0 0.0
img_421.jpg 0.0 0.0 -90.0 0.0
img_422.jpg 0.0 -119.995864208 -90.0 0.0
img_423.jpg 0.0 -119.995864208 -90.0 0.0
img_424.jpg 0.0 -119.995864208 -90.0 0.0
img_425.jpg 0.0 -119.995864208 -90.0 0.0
img_426.jpg 0.0 -119.995864208 -90.0 0.0
img_427.jpg 0.0 -119.995864208 -90.0 0.0
img_428.jpg 0.0 -119.995864208 -90.0 0.0
img_429.jpg 0.0 -119.995864208 -90.0 0.0
img_430.jpg 0.0 -119.995864208 -90.0 0.0
img_431.jpg 0.0 -119.995864208 -90.0 0.0
img_432.jpg 0.0 -119.995864208 -90.0 0.0
img_433.jpg 0.0 0.0 -90.0 0.0
img_434.jpg 0.0 0.0 -90.0 0.0
img_435.jpg 0.0 0.0 -90.0 0.0
img_436.jpg 0.0 0.0 -90.0 0.0
img_437.jpg 0.0 0.0 -90.0 0.0
img_438.jpg 0.0 0.0 -90.0 0.0
img_439.jpg 36.8774414062 0.0 0.0 0.0
img_440.jpg 40.0 0.0 0.0 0.0
img_441.jpg 40.0 0.0 0.0 0.0
img_442.jpg 40.0 0.0 0.0 0.0
img_443.jpg 0.0 60.4747953232 0.0 0.0
img_444.jpg 0.0 120.0 0.0 0.0
img_445.jpg 0.0 120.0 0.0 0.0
img_446.jpg 0.0 120.0 0.0 0.0
img_447.jpg 0.0 120.0 0.0 0.0
img_448.jpg 0.0 120.0 0.0 0.0
img_449.jpg 0.0 120.0 0.0 0.0
img_450.jpg 0.0 120.0 0.0 0.0
img_451.jpg 0.0 120.0 0.0 0.0
img_452.jpg 0.0 120.0 0.0 0.0
img_453.jpg 0.0 120.0 0.0 0.0
img_454.jpg 0.0 120.0 0.0 0.0
img_455.jpg 0.0 120.0 0.0 0.0
img_456.jpg 0.0 120.0 0.0 0.0
img_457.jpg 0.0 120.0 0.0 0.0
img_458.jpg 0.0 120.0 0.0 0.0
img_459.jpg 0.0 120.0 0.0 0.0
img_460.jpg 0.0 120.0 -90.0 0.0
img_461.jpg 0.0 120.0 -90.0 0.0
img_462.jpg 0.0 43.3985925906 -90.0 0.0
img_463.jpg 0.0 0.0 -90.0 0.0
img_464.jpg 0.0 0.0 -90.0 0.0
img_465.jpg 0.0 0.0 -90.0 0.0
img_466.jpg 0.0 0.0 -90.0 0.0
img_467.jpg 0.0 0.0 -90.0 0.0
img_468.jpg 0.0 0.0 -90.0 0.0
img_469.jpg 0.0 0.0 -90.0 0.0
img_470.jpg 0.0 0.0 -90.0 0.0
img_471.jpg 0.0 -119.995864208 -90.0 0.0
img_472.jpg 0.0 -119.995864208 -90.0 0.0
img_473.jpg 0.0 -119.995864208 -90.0 0.0
img_474.jpg 0.0 -119.995864208 -90.0 0.0
img_475.jpg 0.0 -119.995864208 -90.0 0.0
img_476.jpg 0.0 -119.995864208 -90.0 0.0
img_477.jpg 0.0 -119.995864208 -90.0 0.0
img_478.jpg 0.0 -119.995864208 -90.0 0.0
img_479.jpg 0.0 -119.995864208 -90.0 0.0
img_480.jpg 0.0 -119.995864208 -90.0 0.0
img_481.jpg 0.0 -119.995864208 -90.0 0.0
img_482.jpg 0.0 -119.995864208 -90.0 0.0
img_483.jpg 0.0 -119.995864208 -90.0 0.0
img_484.jpg 0.0 -101.256591418 -90.0 0.0
img_485.jpg 0.0 0.0 -90.0 0.0
img_486.jpg 0.0 0.0 -90.0 0.0
img_487.jpg 0.0 0.0 -90.0 0.0
img_488.jpg 0.0 0.0 -90.0 0.0
img_489.jpg 0.0 0.0 90.0 0.0
img_490.jpg 0.0 0.0 90.0 0.0
img_491.jpg 0.0 0.0 90.0 0.0
img_492.jpg 0.0 0.0 90.0 0.0
img_493.jpg 0.0 0.0 90.0 0.0
img_494.jpg 0.0 0.0 90.0 0.0
img_495.jpg 0.0 0.0 90.0 0.0
img_496.jpg 0.0 0.0 90.0 0.0
img_497.jpg 0.0 0.0 90.0 0.0
img_498.jpg 0.0 0.0 90.0 0.0
img_499.jpg -14.7985839844 0.0 0.0 0.0
img_500.jpg -39.9987792969 0.0 0.0 0.0
img_501.jpg -39.9987792969 0.0 0.0 0.0
img_502.jpg -39.9987792969 0.0 0.0 0.0
img_503.jpg -23.3386230469 0.0 0.0 0.0
img_504.jpg -39.9987792969 0.0 0.0 0.0
img_505.jpg -11.162109375 0.0 0.0 0.0
img_506.jpg 0.0 91.5418526327 0.0 0.0
img_507.jpg 0.0 120.0 0.0 0.0
img_508.jpg 0.0 120.0 0.0 0.0
img_509.jpg 0.0 120.0 0.0 0.0
img_510.jpg 0.0 120.0 0.0 0.0
img_511.jpg 0.0 120.0 0.0 0.0
img_512.jpg 0.0 120.0 0.0 0.0
img_513.jpg 0.0 120.0 0.0 0.0
img_514.jpg 0.0 120.0 0.0 0.0
img_515.jpg 0.0 120.0 0.0 0.0
img_516.jpg 0.0 120.0 0.0 0.0
img_517.jpg 0.0 120.0 0.0 0.0
img_518.jpg 0.0 120.0 0.0 0.0
img_519.jpg 0.0 120.0 0.0 0.0
img_520.jpg 0.0 120.0 0.0 0.0
img_521.jpg 0.0 120.0 0.0 0.0
img_522.jpg 0.0 120.0 0.0 0.0
img_523.jpg 0.0 120.0 0.0 0.0
img_524.jpg 0.0 120.0 0.0 0.0
img_525.jpg 0.0 120.0 0.0 0.0
img_526.jpg 0.0 120.0 -90.0 0.0
img_527.jpg 0.0 26.5622518551 -90.0 0.0
img_528.jpg 0.0 0.0 -90.0 0.0
img_529.jpg 0.0 0.0 -90.0 0.0
img_530.jpg 0.0 0.0 -90.0 0.0
img_531.jpg 0.0 0.0 -90.0 0.0
img_532.jpg 0.0 0.0 -90.0 0.0
img_533.jpg 0.0 0.0 -90.0 0.0
img_534.jpg 0.0 0.0 -90.0 0.0
img_535.jpg 0.0 -79.1507840772 -90.0 0.0
img_536.jpg 0.0 -119.995864208 -90.0 0.0
img_537.jpg 0.0 -119.995864208 -90.0 0.0
img_538.jpg 0.0 -119.995864208 -90.0 0.0
img_539.jpg 0.0 -119.995864208 -90.0 0.0
img_540.jpg 0.0 -119.995864208 -90.0 0.0
img_541.jpg 0.0 -119.995864208 -90.0 0.0
img_542.jpg 0.0 -119.995864208 -90.0 0.0
img_543.jpg 0.0 -119.995864208 -90.0 0.0
img_544.jpg 0.0 -119.995864208 -90.0 0.0
img_545.jpg 0.0 -119.995864208 -90.0 0.0
img_546.jpg 0.0 -119.995864208 -90.0 0.0
img_547.jpg 0.0 -119.995864208 -90.0 0.0
img_548.jpg 0.0 0.0 -90.0 0.0
img_549.jpg 0.0 0.0 -90.0 0.0
img_550.jpg 0.0 0.0 -90.0 0.0
img_551.jpg 0.0 0.0 -90.0 0.0
img_552.jpg 0.0 0.0 -90.0 0.0
img_553.jpg 0.0 0.0 -90.0 0.0
img_554.jpg 0.0 0.0 -90.0 0.0
img_555.jpg 0.0 0.0 -90.0 0.0
img_556.jpg 0.0 0.0 -90.0 0.0
img_557.jpg 0.0 0.0 -90.0 0.0
img_558.jpg 0.0 0.0 -90.0 0.0
img_559.jpg 0.0 0.0 -90.0 0.0
img_560.jpg 0.0 0.0 -90.0 0.0
img_561.jpg 0.0 -119.995864208 -90.0 0.0
img_562.jpg 0.0 -119.995864208 -90.0 0.0
img_563.jpg 0.0 -119.995864208 -90.0 0.0
img_564.jpg 0.0 -119.995864208 -90.0 0.0
img_565.jpg 0.0 -119.995864208 -90.0 0.0
img_566.jpg 0.0 0.0 -90.0 0.0
img_567.jpg 0.0 0.0 -90.0 0.0
img_568.jpg 0.0 0.0 -90.0 0.0
img_569.jpg 0.0 0.0 -90.0 0.0
img_570.jpg 0.0 0.0 90.0 0.0
img_571.jpg 0.0 0.0 90.0 0.0
img_572.jpg 0.0 0.0 90.0 0.0
img_573.jpg 0.0 0.0 90.0 0.0
img_574.jpg 0.0 0.0 90.0 0.0
img_575.jpg 0.0 0.0 90.0 0.0
img_576.jpg 0.0 0.0 90.0 0.0
img_577.jpg 40.0 0.0 0.0 0.0
img_578.jpg 40.0 0.0 0.0 0.0
img_579.jpg 40.0 0.0 0.0 0.0
img_580.jpg 40.0 0.0 0.0 0.0
img_581.jpg 15.4650878906 0.0 0.0 0.0
img_582.jpg 0.0 85.8475945347 0.0 0.0
img_583.jpg 0.0 120.0 0.0 0.0
img_584.jpg 0.0 120.0 0.0 0.0
img_585.jpg 0.0 120.0 0.0 0.0
img_586.jpg 0.0 120.0 0.0 0.0
img_587.jpg 0.0 120.0 0.0 0.0
img_588.jpg 0.0 120.0 0.0 0.0
img_589.jpg 0.0 120.0 0.0 0.0
img_590.jpg 0.0 120.0 0.0 0.0
img_591.jpg 0.0 120.0 0.0 0.0
img_592.jpg 0.0 120.0 0.0 0.0
img_593.jpg 0.0 120.0 0.0 0.0
img_594.jpg 0.0 120.0 0.0 0.0
img_595.jpg 0.0 120.0 0.0 0.0
img_596.jpg 0.0 120.0 0.0 0.0
img_597.jpg 0.0 120.0 0.0 0.0
img_598.jpg 0.0 101.737630404 0.0 0.0
img_599.jpg 0.0 108.141617152 0.0 0.0
img_600.jpg 0.0 120.0 0.0 0.0
img_601.jpg 0.0 120.0 0.0 0.0
img_602.jpg 0.0 120.0 0.0 0.0
img_603.jpg 0.0 120.0 -90.0 0.0
img_604.jpg 0.0 120.0 -90.0 0.0
img_605.jpg 0.0 120.0 -90.0 0.0
img_606.jpg 0.0 120.0 -90.0 0.0
img_607.jpg 0.0 102.687221051 -90.0 0.0
img_608.jpg 0.0 30.1207524438 -90.0 0.0
img_609.jpg 0.0 0.0 -90.0 0.0
img_610.jpg 0.0 0.0 -90.0 0.0
img_611.jpg 0.0 0.0 -90.0 0.0
img_612.jpg 0.0 0.0 -90.0 0.0
img_613.jpg 0.0 0.0 -90.0 0.0
img_614.jpg 0.0 0.0 -90.0 0.0
img_615.jpg 0.0 -119.995864208 -90.0 0.0
img_616.jpg 0.0 -119.995864208 -90.0 0.0
img_617.jpg 0.0 -119.995864208 -90.0 0.0
img_618.jpg 0.0 -119.995864208 -90.0 0.0
img_619.jpg 0.0 -119.995864208 -90.0 0.0
img_620.jpg 0.0 -119.995864208 -90.0 0.0
img_621.jpg 0.0 -119.995864208 -90.0 0.0
img_622.jpg 0.0 -119.995864208 -90.0 0.0
img_623.jpg 0.0 -119.995864208 -90.0 0.0
img_624.jpg 0.0 -119.995864208 -90.0 0.0
img_625.jpg 0.0 -119.995864208 -90.0 0.0
img_626.jpg 0.0 -119.995864208 -90.0 0.0
img_627.jpg 0.0 -119.995864208 -90.0 0.0
img_628.jpg 0.0 -119.995864208 -90.0 0.0
img_629.jpg 0.0 0.0 -90.0 0.0
img_630.jpg 0.0 0.0 -90.0 0.0
img_631.jpg 0.0 0.0 -90.0 0.0
img_632.jpg 0.0 0.0 -90.0 0.0
img_633.jpg 0.0 0.0 -90.0 0.0
img_634.jpg 0.0 0.0 90.0 0.0
img_635.jpg 0.0 0.0 90.0 0.0
img_636.jpg 0.0 0.0 90.0 0.0
img_637.jpg 0.0 0.0 90.0 0.0
img_638.jpg 0.0 0.0 90.0 0.0
img_639.jpg 0.0 0.0 90.0 0.0
img_640.jpg 0.0 0.0 90.0 0.0
img_641.jpg -20.7177734375 0.0 0.0 0.0
img_642.jpg -39.9987792969 0.0 0.0 0.0
img_643.jpg -39.9987792969 0.0 0.0 0.0
img_644.jpg -39.9987792969 0.0 0.0 0.0
img_645.jpg -39.9987792969 0.0 0.0 0.0
img_646.jpg -39.9987792969 0.0 0.0 0.0
img_647.jpg 27.9565429688 0.0 0.0 0.0
img_648.jpg 40.0 0.0 0.0 0.0
img_649.jpg 0.0 99.8417348923 0.0 0.0
img_650.jpg 0.0 120.0 0.0 0.0
img_651.jpg 0.0 120.0 0.0 0.0
img_652.jpg 0.0 120.0 0.0 0.0
img_653.jpg 0.0 120.0 0.0 0.0
img_654.jpg 0.0 120.0 0.0 0.0
img_655.jpg 0.0 120.0 0.0 0.0
img_656.jpg 0.0 120.0 0.0 0.0
img_657.jpg 0.0 120.0 0.0 0.0
img_658.jpg 0.0 120.0 0.0 0.0
img_659.jpg 0.0 120.0 0.0 0.0
img_660.jpg 0.0 120.0 0.0 0.0
img_661.jpg 0.0 120.0 0.0 0.0
img_662.jpg 0.0 120.0 0.0 0.0
img_663.jpg 0.0 120.0 0.0 0.0
img_664.jpg 0.0 120.0 0.0 0.0
img_665.jpg 0.0 120.0 0.0 0.0
img_666.jpg 0.0 120.0 0.0 0.0
img_667.jpg 0.0 120.0 0.0 0.0
img_668.jpg 0.0 120.0 0.0 0.0
img_669.jpg 0.0 120.0 0.0 0.0
img_670.jpg 0.0 120.0 0.0 0.0
img_671.jpg 0.0 120.0 0.0 0.0
img_672.jpg 0.0 120.0 0.0 0.0
img_673.jpg 0.0 120.0 0.0 0.0
img_674.jpg 0.0 120.0 0.0 0.0
img_675.jpg 0.0 120.0 0.0 0.0
img_676.jpg 0.0 120.0 0.0 0.0
img_677.jpg 0.0 120.0 0.0 0.0
img_678.jpg 0.0 120.0 -90.0 0.0
img_679.jpg 0.0 120.0 -90.0 0.0
img_680.jpg 0.0 120.0 -90.0 0.0
img_681.jpg 0.0 120.0 -90.0 0.0
img_682.jpg 0.0 77.7875742723 -90.0 0.0
img_683.jpg 0.0 0.0 -90.0 0.0
img_684.jpg 0.0 0.0 -90.0 0.0
img_685.jpg 0.0 0.0 -90.0 0.0
img_686.jpg 0.0 0.0 -90.0 0.0
img_687.jpg 0.0 0.0 -90.0 0.0
img_688.jpg 0.0 -74.1961054627 -90.0 0.0
img_689.jpg 0.0 -119.995864208 -90.0 0.0
img_690.jpg 0.0 -119.995864208 -90.0 0.0
img_691.jpg 0.0 -119.995864208 -90.0 0.0
img_692.jpg 0.0 -119.995864208 -90.0 0.0
img_693.jpg 0.0 -119.995864208 -90.0 0.0
img_694.jpg 0.0 -119.995864208 -90.0 0.0
img_695.jpg 0.0 -119.995864208 -90.0 0.0
img_696.jpg 0.0 -119.995864208 -90.0 0.0
img_697.jpg 0.0 -119.995864208 -90.0 0.0
img_698.jpg 0.0 -119.995864208 -90.0 0.0
img_699.jpg 0.0 -119.995864208 -90.0 0.0
img_700.jpg 0.0 -119.995864208 -90.0 0.0
img_701.jpg 0.0 -119.995864208 -90.0 0.0
img_702.jpg 0.0 -119.995864208 -90.0 0.0
img_703.jpg 0.0 -119.995864208 -90.0 0.0
img_704.jpg 0.0 0.0 -90.0 0.0
img_705.jpg 0.0 0.0 -90.0 0.0
img_706.jpg 0.0 0.0 -90.0 0.0
img_707.jpg 0.0 0.0 -90.0 0.0
img_708.jpg 0.0 0.0 -90.0 0.0
img_709.jpg 0.0 0.0 -90.0 0.0
img_710.jpg 0.0 0.0 -90.0 0.0
img_711.jpg 0.0 0.0 -90.0 0.0
img_712.jpg 0.0 0.0 -90.0 0.0
img_713.jpg 0.0 0.0 -90.0 0.0
img_714.jpg 0.0 0.0 -90.0 0.0
img_715.jpg 0.0 0.0 -90.0 0.0
img_716.jpg 0.0 0.0 -90.0 0.0
img_717.jpg 0.0 0.0 -90.0 0.0
img_718.jpg 0.0 0.0 -90.0 0.0
img_719.jpg 0.0 0.0 -90.0 0.0
img_720.jpg 0.0 0.0 -90.0 0.0
img_721.jpg 0.0 0.0 -90.0 0.0
img_722.jpg 0.0 0.0 -90.0 0.0
img_723.jpg 0.0 0.0 -90.0 0.0
img_724.jpg 0.0 0.0 90.0 0.0
img_725.jpg 0.0 0.0 90.0 0.0
img_726.jpg 0.0 0.0 90.0 0.0
img_727.jpg 0.0 0.0 90.0 0.0
img_728.jpg 0.0 0.0 90.0 0.0
img_729.jpg 0.0 0.0 90.0 0.0
img_730.jpg 0.0 0.0 90.0 0.0
img_731.jpg 0.0 0.0 90.0 0.0
img_732.jpg 0.0 0.0 90.0 0.0
img_733.jpg 28.84765625 0.0 0.0 0.0
img_734.jpg 40.0 0.0 0.0 0.0
img_735.jpg 40.0 0.0 0.0 0.0
img_736.jpg 40.0 0.0 0.0 0.0
img_737.jpg 40.0 0.0 0.0 0.0
img_738.jpg 40.0 0.0 0.0 0.0
img_739.jpg 40.0 0.0 0.0 0.0
img_740.jpg 40.0 0.0 0.0 0.0
img_741.jpg 40.0 0.0 0.0 0.0
img_742.jpg 40.0 0.0 0.0 0.0
img_743.jpg 40.0 0.0 0.0 0.0
img_744.jpg 29.1455078125 0.0 0.0 0.0
img_745.jpg 40.0 -86.9426158883 0.0 0.0
img_746.jpg 40.0 0.0 0.0 0.0
img_747.jpg 12.4914550781 0.0 0.0 0.0
img_748.jpg 40.0 0.0 0.0 0.0
img_749.jpg 40.0 0.0 0.0 0.0
img_750.jpg 10.7067871094 0.0 0.0 0.0
img_751.jpg -17.5891113281 0.0 0.0 0.0
img_752.jpg -39.9987792969 0.0 0.0 0.0
img_753.jpg -39.9987792969 0.0 0.0 0.0
img_754.jpg 5.5029296875 0.0 0.0 0.0
img_755.jpg 22.3059082031 0.0 0.0 0.0
img_756.jpg 30.4833984375 0.0 0.0 0.0
img_757.jpg 30.78125 0.0 0.0 0.0
img_758.jpg 30.3356933594 0.0 0.0 0.0
img_759.jpg 12.7893066406 0.0 0.0 0.0
img_760.jpg 9.66552734375 0.0 0.0 0.0
img_761.jpg 9.66552734375 0.0 0.0 0.0
img_762.jpg 9.66552734375 0.0 0.0 0.0
img_763.jpg 9.66552734375 0.0 0.0 0.0
img_764.jpg 9.66552734375 0.0 0.0 0.0
img_765.jpg 9.66552734375 0.0 0.0 0.0
img_766.jpg 9.66552734375 0.0 0.0 0.0
img_767.jpg 9.814453125 0.0 0.0 0.0
img_768.jpg 9.66552734375 0.0 0.0 0.0
img_769.jpg 9.814453125 0.0 0.0 0.0
img_770.jpg 13.0859375 0.0 0.0 0.0
img_771.jpg 13.0859375 0.0 0.0 0.0
img_772.jpg 17.9931640625 0.0 0.0 0.0
img_773.jpg 29.5922851562 0.0 0.0 0.0
img_774.jpg 29.443359375 0.0 0.0 0.0
img_775.jpg 29.443359375 0.0 0.0 0.0
img_776.jpg 29.1455078125 0.0 0.0 0.0
img_777.jpg 16.9519042969 0.0 0.0 0.0
img_778.jpg -22.578125 0.0 0.0 0.0
img_779.jpg -25.6225585938 0.0 0.0 0.0
img_780.jpg -15.7287597656 0.0 0.0 0.0
img_781.jpg -23.3386230469 0.0 0.0 0.0
img_782.jpg -15.390625 0.0 0.0 0.0
img_783.jpg -14.7131347656 0.0 0.0 0.0
img_784.jpg -20.5480957031 0.0 0.0 0.0
img_785.jpg -25.2844238281 0.0 0.0 0.0
img_786.jpg -33.486328125 0.0 0.0 0.0
img_787.jpg 0.0 32.7263766052 0.0 0.0
img_788.jpg 0.0 120.0 0.0 0.0
img_789.jpg 0.0 120.0 0.0 0.0
img_790.jpg 0.0 120.0 0.0 0.0
img_791.jpg 0.0 120.0 0.0 0.0
img_792.jpg 0.0 120.0 0.0 0.0
img_793.jpg 0.0 120.0 0.0 0.0
img_794.jpg 0.0 120.0 0.0 0.0
img_795.jpg 0.0 120.0 0.0 0.0
img_796.jpg 0.0 120.0 0.0 0.0
img_797.jpg 0.0 120.0 0.0 0.0
img_798.jpg 0.0 120.0 0.0 0.0
img_799.jpg 0.0 120.0 0.0 0.0
img_800.jpg 0.0 120.0 0.0 0.0
img_801.jpg 0.0 120.0 -90.0 0.0
img_802.jpg 0.0 57.6293091646 -90.0 0.0
img_803.jpg 0.0 0.0 -90.0 0.0
img_804.jpg 0.0 0.0 -90.0 0.0
img_805.jpg 0.0 0.0 -90.0 0.0
img_806.jpg 0.0 0.0 -90.0 0.0
img_807.jpg 0.0 0.0 -90.0 0.0
img_808.jpg 0.0 0.0 -90.0 0.0
img_809.jpg 0.0 0.0 -90.0 0.0
img_810.jpg 0.0 0.0 -90.0 0.0
img_811.jpg 0.0 0.0 -90.0 0.0
img_812.jpg 0.0 0.0 -90.0 0.0
img_813.jpg 0.0 0.0 -90.0 0.0
img_814.jpg 0.0 -119.995864208 -90.0 0.0
img_815.jpg 0.0 -119.995864208 -90.0 0.0
img_816.jpg 0.0 -119.995864208 -90.0 0.0
img_817.jpg 0.0 -119.995864208 -90.0 0.0
img_818.jpg 0.0 -119.995864208 -90.0 0.0
img_819.jpg 0.0 -119.995864208 -90.0 0.0
img_820.jpg 0.0 -119.995864208 -90.0 0.0
img_821.jpg 0.0 -119.995864208 -90.0 0.0
img_822.jpg 0.0 -119.995864208 -90.0 0.0
img_823.jpg 0.0 -119.995864208 -90.0 0.0
img_824.jpg 0.0 -119.995864208 -90.0 0.0
img_825.jpg 0.0 -119.995864208 -90.0 0.0
img_826.jpg 0.0 -119.995864208 -90.0 0.0
img_827.jpg 0.0 0.0 -90.0 0.0
img_828.jpg 0.0 0.0 -90.0 0.0
img_829.jpg 0.0 0.0 -90.0 0.0
img_830.jpg 0.0 0.0 -90.0 0.0
img_831.jpg 0.0 0.0 -90.0 0.0
img_832.jpg 0.0 0.0 -90.0 0.0
img_833.jpg 0.0 0.0 -90.0 0.0
img_834.jpg 0.0 0.0 -90.0 0.0
img_835.jpg 0.0 0.0 -90.0 0.0
img_836.jpg 0.0 0.0 -90.0 0.0
img_837.jpg 0.0 0.0 -90.0 0.0
img_838.jpg 0.0 0.0 -90.0 0.0
img_839.jpg 0.0 0.0 -90.0 0.0
img_840.jpg 0.0 0.0 -90.0 0.0
img_841.jpg 0.0 0.0 -90.0 0.0
img_842.jpg 0.0 0.0 -90.0 0.0
img_843.jpg 0.0 0.0 -90.0 0.0
img_844.jpg 0.0 0.0 -90.0 0.0
img_845.jpg 0.0 0.0 90.0 0.0
img_846.jpg 0.0 0.0 90.0 0.0
img_847.jpg 0.0 0.0 90.0 0.0
img_848.jpg 0.0 0.0 90.0 0.0
img_849.jpg 0.0 0.0 90.0 0.0
img_850.jpg 0.0 0.0 90.0 0.0
img_851.jpg 0.0 0.0 90.0 0.0
img_852.jpg 0.0 0.0 90.0 0.0
img_853.jpg 0.0 0.0 90.0 0.0
img_854.jpg 0.0 0.0 90.0 0.0
img_855.jpg 0.0 0.0 90.0 0.0
img_856.jpg -16.2353515625 0.0 0.0 0.0
img_857.jpg -36.1926269531 0.0 0.0 0.0
img_858.jpg -39.9987792969 0.0 0.0 0.0
img_859.jpg -39.9987792969 0.0 0.0 0.0
img_860.jpg -39.9987792969 0.0 0.0 0.0
img_861.jpg -32.8100585938 0.0 0.0 0.0
img_862.jpg 0.0 77.3111360587 0.0 0.0
img_863.jpg 0.0 120.0 0.0 0.0
img_864.jpg 0.0 120.0 0.0 0.0
img_865.jpg 0.0 120.0 0.0 0.0
img_866.jpg 0.0 120.0 0.0 0.0
img_867.jpg 0.0 120.0 0.0 0.0
img_868.jpg 0.0 36.0483009775 0.0 0.0
img_869.jpg 17.2497558594 0.0 0.0 0.0
img_870.jpg 40.0 0.0 0.0 0.0
img_871.jpg 0.0 85.8475945347 0.0 0.0
img_872.jpg 0.0 120.0 0.0 0.0
img_873.jpg 0.0 120.0 0.0 0.0
img_874.jpg 0.0 120.0 0.0 0.0
img_875.jpg 0.0 120.0 0.0 0.0
img_876.jpg 0.0 120.0 0.0 0.0
img_877.jpg 0.0 86.0874565319 0.0 0.0
img_878.jpg 18.8854980469 0.0 0.0 0.0
img_879.jpg 40.0 0.0 0.0 0.0
img_880.jpg 34.2016601562 0.0 0.0 0.0
img_881.jpg 40.0 0.0 0.0 0.0
img_882.jpg 18.5876464844 0.0 0.0 0.0
img_883.jpg 0.0 90.8288382027 0.0 0.0
img_884.jpg 0.0 120.0 0.0 0.0
img_885.jpg 0.0 120.0 0.0 0.0
img_886.jpg 0.0 120.0 0.0 0.0
img_887.jpg 0.0 120.0 0.0 0.0
img_888.jpg 0.0 120.0 0.0 0.0
img_889.jpg 0.0 120.0 0.0 0.0
img_890.jpg 0.0 120.0 0.0 0.0
img_891.jpg 0.0 120.0 0.0 0.0
img_892.jpg 0.0 120.0 0.0 0.0
img_893.jpg 0.0 76.3615454122 0.0 0.0
img_894.jpg 0.0 0.0 90.0 0.0
img_895.jpg 0.0 0.0 90.0 0.0
img_896.jpg 0.0 0.0 90.0 0.0
img_897.jpg 0.0 0.0 90.0 0.0
img_898.jpg 0.0 0.0 90.0 0.0
img_899.jpg 0.0 0.0 90.0 0.0
img_900.jpg 0.0 0.0 90.0 0.0
img_901.jpg 0.0 0.0 90.0 0.0
img_902.jpg 0.0 0.0 90.0 0.0
img_903.jpg 0.0 0.0 90.0 0.0
img_904.jpg 0.0 0.0 90.0 0.0
img_905.jpg 0.0 0.0 -90.0 0.0
img_906.jpg 0.0 0.0 -90.0 0.0
img_907.jpg 0.0 0.0 -90.0 0.0
img_908.jpg 0.0 0.0 -90.0 0.0
img_909.jpg 0.0 0.0 -90.0 0.0
img_910.jpg 0.0 0.0 -90.0 0.0
img_911.jpg 0.0 0.0 -90.0 0.0
img_912.jpg 0.0 0.0 -90.0 0.0
img_913.jpg 0.0 0.0 -90.0 0.0
img_914.jpg 0.0 0.0 -90.0 0.0
img_915.jpg 0.0 -119.995864208 -90.0 0.0
img_916.jpg 0.0 -119.995864208 -90.0 0.0
img_917.jpg 0.0 -119.995864208 -90.0 0.0
img_918.jpg 0.0 -119.995864208 -90.0 0.0
img_919.jpg 0.0 -119.995864208 -90.0 0.0
img_920.jpg 0.0 -119.995864208 -90.0 0.0
img_921.jpg 0.0 -119.995864208 -90.0 0.0
img_922.jpg 0.0 -119.995864208 -90.0 0.0
img_923.jpg 0.0 -119.995864208 -90.0 0.0
img_924.jpg 0.0 -119.995864208 -90.0 0.0
img_925.jpg 0.0 -119.995864208 -90.0 0.0
img_926.jpg 0.0 -119.995864208 -90.0 0.0
img_927.jpg 0.0 -119.995864208 -90.0 0.0
img_928.jpg 0.0 -119.995864208 -90.0 0.0
img_929.jpg 0.0 -119.995864208 -90.0 0.0
img_930.jpg 0.0 0.0 -90.0 0.0
img_931.jpg 0.0 0.0 -90.0 0.0
img_932.jpg 0.0 0.0 -90.0 0.0
img_933.jpg 0.0 0.0 90.0 0.0
img_934.jpg 0.0 0.0 90.0 0.0
img_935.jpg 0.0 0.0 90.0 0.0
img_936.jpg 0.0 0.0 90.0 0.0
img_937.jpg 0.0 0.0 90.0 0.0
img_938.jpg 0.0 0.0 90.0 0.0
img_939.jpg 0.0 0.0 90.0 0.0
img_940.jpg 0.0 0.0 90.0 0.0
img_941.jpg 0.0 0.0 90.0 0.0
img_942.jpg 0.0 0.0 90.0 0.0
img_943.jpg 0.0 0.0 90.0 0.0
img_944.jpg 0.0 0.0 90.0 0.0
img_945.jpg 0.0 0.0 90.0 0.0
img_946.jpg 0.0 0.0 90.0 0.0
img_947.jpg 0.0 0.0 90.0 0.0
img_948.jpg -15.390625 0.0 0.0 0.0
img_949.jpg -39.9987792969 0.0 0.0 0.0
img_950.jpg -39.9987792969 0.0 0.0 0.0
img_951.jpg -39.9987792969 0.0 0.0 0.0
img_952.jpg 0.0 7.45543659812 0.0 0.0
img_953.jpg 0.0 120.0 0.0 0.0
img_954.jpg 0.0 120.0 0.0 0.0
img_955.jpg 0.0 120.0 0.0 0.0
img_956.jpg 0.0 120.0 0.0 0.0
img_957.jpg 0.0 120.0 0.0 0.0
img_958.jpg 0.0 120.0 0.0 0.0
img_959.jpg 0.0 120.0 0.0 0.0
img_960.jpg 0.0 120.0 0.0 0.0
img_961.jpg 0.0 120.0 0.0 0.0
img_962.jpg 0.0 120.0 0.0 0.0
img_963.jpg 0.0 120.0 0.0 0.0
img_964.jpg 0.0 120.0 0.0 0.0
img_965.jpg 0.0 50.2757317708 0.0 0.0
img_966.jpg -14.62890625 0.0 0.0 0.0
img_967.jpg -25.7067871094 0.0 0.0 0.0
img_968.jpg -25.7067871094 0.0 0.0 0.0
img_969.jpg 0.0 116.441499411 0.0 0.0
img_970.jpg 0.0 120.0 0.0 0.0
img_971.jpg 0.0 120.0 0.0 0.0
img_972.jpg 0.0 120.0 0.0 0.0
img_973.jpg 0.0 120.0 0.0 0.0
img_974.jpg 0.0 120.0 0.0 0.0
img_975.jpg 0.0 120.0 0.0 0.0
img_976.jpg 0.0 120.0 0.0 0.0
img_977.jpg 0.0 120.0 0.0 0.0
img_978.jpg 0.0 120.0 0.0 0.0
img_979.jpg 0.0 120.0 0.0 0.0
img_980.jpg 0.0 120.0 0.0 0.0
img_981.jpg 0.0 120.0 0.0 0.0
img_982.jpg 0.0 120.0 0.0 0.0
img_983.jpg 0.0 120.0 0.0 0.0
img_984.jpg 0.0 120.0 0.0 0.0
img_985.jpg 0.0 120.0 -90.0 0.0
img_986.jpg 0.0 59.9983571096 -90.0 0.0
img_987.jpg 0.0 0.0 -90.0 0.0
img_988.jpg 0.0 0.0 -90.0 0.0
img_989.jpg 0.0 0.0 -90.0 0.0
img_990.jpg 0.0 0.0 -90.0 0.0
img_991.jpg 0.0 0.0 -90.0 0.0
img_992.jpg 0.0 0.0 -90.0 0.0
img_993.jpg 0.0 0.0 -90.0 0.0
img_994.jpg 0.0 0.0 -90.0 0.0
img_995.jpg 0.0 0.0 -90.0 0.0
img_996.jpg 0.0 -119.995864208 -90.0 0.0
img_997.jpg 0.0 -119.995864208 -90.0 0.0
img_998.jpg 0.0 -119.995864208 -90.0 0.0
img_999.jpg 0.0 -119.995864208 -90.0 0.0
img_1000.jpg 0.0 -119.995864208 -90.0 0.0
img_1001.jpg 0.0 -119.995864208 -90.0 0.0
img_1002.jpg 0.0 -119.995864208 -90.0 0.0
img_1003.jpg 0.0 -119.995864208 -90.0 0.0
img_1004.jpg 0.0 -119.995864208 -90.0 0.0
img_1005.jpg 0.0 -119.995864208 -90.0 0.0
img_1006.jpg 0.0 -119.995864208 -90.0 0.0
img_1007.jpg 0.0 -119.995864208 -90.0 0.0
img_1008.jpg 0.0 -119.995864208 -90.0 0.0
img_1009.jpg 0.0 -119.995864208 -90.0 0.0
img_1010.jpg 0.0 -119.995864208 -90.0 0.0
img_1011.jpg 0.0 0.0 -90.0 0.0
img_1012.jpg 0.0 0.0 -90.0 0.0
img_1013.jpg 0.0 0.0 -90.0 0.0
img_1014.jpg 40.0 0.0 0.0 0.0
img_1015.jpg 40.0 0.0 0.0 0.0
img_1016.jpg 40.0 0.0 0.0 0.0
img_1017.jpg 40.0 0.0 0.0 0.0
img_1018.jpg 40.0 0.0 0.0 0.0
img_1019.jpg 40.0 0.0 0.0 0.0
img_1020.jpg 23.3459472656 0.0 0.0 0.0
img_1021.jpg 40.0 0.0 0.0 0.0
img_1022.jpg 40.0 0.0 0.0 0.0
img_1023.jpg 2.67700195312 0.0 0.0 0.0
img_1024.jpg 0.0 25.3760849922 0.0 0.0
img_1025.jpg 0.0 120.0 0.0 0.0
img_1026.jpg 0.0 120.0 0.0 0.0
img_1027.jpg 0.0 120.0 0.0 0.0
img_1028.jpg 0.0 120.0 0.0 0.0
img_1029.jpg 0.0 120.0 0.0 0.0
img_1030.jpg 0.0 120.0 0.0 0.0
img_1031.jpg 0.0 120.0 0.0 0.0
img_1032.jpg 0.0 120.0 0.0 0.0
img_1033.jpg 0.0 120.0 0.0 0.0
img_1034.jpg 0.0 120.0 0.0 0.0
img_1035.jpg 0.0 120.0 0.0 0.0
img_1036.jpg 0.0 120.0 0.0 0.0
img_1037.jpg 0.0 120.0 0.0 0.0
img_1038.jpg 0.0 116.204923195 0.0 0.0
img_1039.jpg 33.0114746094 0.0 0.0 0.0
img_1040.jpg 40.0 0.0 0.0 0.0
img_1041.jpg 40.0 0.0 0.0 0.0
img_1042.jpg 40.0 0.0 0.0 0.0
img_1043.jpg 0.0 45.5343500999 0.0 0.0
img_1044.jpg 0.0 120.0 0.0 0.0
img_1045.jpg 0.0 120.0 0.0 0.0
img_1046.jpg 0.0 120.0 0.0 0.0
img_1047.jpg 0.0 120.0 0.0 0.0
img_1048.jpg 0.0 120.0 0.0 0.0
img_1049.jpg 0.0 120.0 0.0 0.0
img_1050.jpg 0.0 120.0 0.0 0.0
img_1051.jpg 0.0 120.0 0.0 0.0
img_1052.jpg 0.0 120.0 0.0 0.0
img_1053.jpg 0.0 120.0 0.0 0.0
img_1054.jpg 0.0 120.0 0.0 0.0
img_1055.jpg 0.0 120.0 0.0 0.0
img_1056.jpg 0.0 120.0 0.0 0.0
img_1057.jpg 0.0 120.0 0.0 0.0
img_1058.jpg 0.0 120.0 0.0 0.0
img_1059.jpg 0.0 120.0 0.0 0.0
img_1060.jpg 0.0 120.0 0.0 0.0
img_1061.jpg 0.0 120.0 -90.0 0.0
img_1062.jpg 0.0 120.0 -90.0 0.0
img_1063.jpg 0.0 0.0 -90.0 0.0
img_1064.jpg 0.0 0.0 -90.0 0.0
img_1065.jpg 0.0 0.0 -90.0 0.0
img_1066.jpg 0.0 0.0 -90.0 0.0
img_1067.jpg 0.0 0.0 -90.0 0.0
img_1068.jpg 0.0 0.0 -90.0 0.0
img_1069.jpg 0.0 0.0 -90.0 0.0
img_1070.jpg 0.0 0.0 -90.0 0.0
img_1071.jpg 0.0 0.0 -90.0 0.0
img_1072.jpg 0.0 -119.995864208 -90.0 0.0
img_1073.jpg 0.0 -119.995864208 -90.0 0.0
img_1074.jpg 0.0 -119.995864208 -90.0 0.0
img_1075.jpg 0.0 -119.995864208 -90.0 0.0
img_1076.jpg 0.0 -119.995864208 -90.0 0.0
img_1077.jpg 0.0 -119.995864208 -90.0 0.0
img_1078.jpg 0.0 -119.995864208 -90.0 0.0
img_1079.jpg 0.0 -119.995864208 -90.0 0.0
img_1080.jpg 0.0 -119.995864208 -90.0 0.0
img_1081.jpg 0.0 -119.995864208 -90.0 0.0
img_1082.jpg 0.0 -119.995864208 -90.0 0.0
img_1083.jpg 0.0 -119.995864208 -90.0 0.0
img_1084.jpg 0.0 -119.995864208 -90.0 0.0
img_1085.jpg 0.0 -119.995864208 -90.0 0.0
img_1086.jpg 0.0 -119.995864208 -90.0 0.0
img_1087.jpg 0.0 -119.995864208 -90.0 0.0
img_1088.jpg 0.0 -119.995864208 -90.0 0.0
img_1089.jpg 0.0 0.0 -90.0 0.0
img_1090.jpg 0.0 34.8621341146 0.0 0.0
img_1091.jpg 0.0 86.7971851811 0.0 0.0
img_1092.jpg 0.0 120.0 0.0 0.0
img_1093.jpg 0.0 120.0 0.0 0.0
img_1094.jpg 0.0 120.0 0.0 0.0
img_1095.jpg 0.0 120.0 0.0 0.0
img_1096.jpg 0.0 120.0 0.0 0.0
img_1097.jpg 0.0 120.0 0.0 0.0
img_1098.jpg 0.0 120.0 0.0 0.0
img_1099.jpg 0.0 120.0 0.0 0.0
img_1100.jpg 0.0 120.0 0.0 0.0
img_1101.jpg 0.0 120.0 0.0 0.0
img_1102.jpg 0.0 120.0 0.0 0.0
img_1103.jpg 0.0 79.4468935681 0.0 0.0
img_1104.jpg 0.0 0.0 -90.0 0.0
img_1105.jpg 0.0 0.0 -90.0 0.0
img_1106.jpg 0.0 0.0 -90.0 0.0
img_1107.jpg 0.0 0.0 -90.0 0.0
img_1108.jpg 0.0 0.0 -90.0 0.0
img_1109.jpg 0.0 0.0 -90.0 0.0
img_1110.jpg 0.0 0.0 -90.0 0.0
img_1111.jpg 0.0 0.0 -90.0 0.0
img_1112.jpg 0.0 0.0 -90.0 0.0
img_1113.jpg 0.0 0.0 -90.0 0.0
img_1114.jpg 0.0 0.0 -90.0 0.0
img_1115.jpg 0.0 0.0 -90.0 0.0
img_1116.jpg 0.0 -119.995864208 -90.0 0.0
img_1117.jpg 0.0 -119.995864208 -90.0 0.0
img_1118.jpg 0.0 -119.995864208 -90.0 0.0
img_1119.jpg 0.0 -119.995864208 -90.0 0.0
img_1120.jpg 0.0 -119.995864208 -90.0 0.0
img_1121.jpg 0.0 -119.995864208 -90.0 0.0
img_1122.jpg 0.0 -119.995864208 -90.0 0.0
img_1123.jpg 0.0 -119.995864208 -90.0 0.0
img_1124.jpg 0.0 -119.995864208 -90.0 0.0
img_1125.jpg 0.0 -119.995864208 -90.0 0.0
img_1126.jpg 0.0 -119.995864208 -90.0 0.0
img_1127.jpg 0.0 -119.995864208 -90.0 0.0
img_1128.jpg 0.0 0.0 -90.0 0.0
img_1129.jpg 0.0 0.0 -90.0 0.0
img_1130.jpg 0.0 0.0 -90.0 0.0
img_1131.jpg 0.0 0.0 -90.0 0.0
img_1132.jpg 0.0 0.0 -90.0 0.0
img_1133.jpg -10.3161621094 0.0 0.0 0.0
img_1134.jpg -33.5717773438 0.0 0.0 0.0
img_1135.jpg -39.9987792969 0.0 0.0 0.0
img_1136.jpg -39.9987792969 0.0 0.0 0.0
img_1137.jpg -39.9987792969 0.0 0.0 0.0
img_1138.jpg -34.9243164062 0.0 0.0 0.0
img_1139.jpg 0.0 40.3165302155 0.0 0.0
img_1140.jpg 0.0 120.0 0.0 0.0
img_1141.jpg 0.0 120.0 0.0 0.0
img_1142.jpg 0.0 120.0 0.0 0.0
img_1143.jpg 0.0 120.0 0.0 0.0
img_1144.jpg 0.0 120.0 0.0 0.0
img_1145.jpg 0.0 120.0 0.0 0.0
img_1146.jpg 0.0 120.0 0.0 0.0
img_1147.jpg 0.0 120.0 0.0 0.0
img_1148.jpg 0.0 120.0 0.0 0.0
img_1149.jpg 0.0 120.0 0.0 0.0
img_1150.jpg 0.0 120.0 0.0 0.0
img_1151.jpg -3.97338867188 0.0 0.0 0.0
img_1152.jpg -29.0051269531 0.0 0.0 0.0
img_1153.jpg -39.0673828125 0.0 0.0 0.0
img_1154.jpg -34.4165039062 0.0 0.0 0.0
img_1155.jpg -3.12866210938 0.0 0.0 0.0
img_1156.jpg -27.9895019531 0.0 0.0 0.0
img_1157.jpg -39.9987792969 0.0 0.0 0.0
img_1158.jpg -39.9987792969 0.0 0.0 0.0
img_1159.jpg 0.0 20.3948413242 0.0 0.0
img_1160.jpg 0.0 120.0 0.0 0.0
img_1161.jpg 0.0 120.0 0.0 0.0
img_1162.jpg 0.0 120.0 0.0 0.0
img_1163.jpg 0.0 120.0 0.0 0.0
img_1164.jpg 0.0 120.0 0.0 0.0
img_1165.jpg 0.0 120.0 0.0 0.0
img_1166.jpg 0.0 120.0 0.0 0.0
img_1167.jpg 0.0 120.0 0.0 0.0
img_1168.jpg 0.0 120.0 0.0 0.0
img_1169.jpg 0.0 120.0 0.0 0.0
img_1170.jpg 0.0 0.0 -90.0 0.0
img_1171.jpg 0.0 0.0 -90.0 0.0
img_1172.jpg 0.0 0.0 -90.0 0.0
img_1173.jpg 0.0 0.0 -90.0 0.0
img_1174.jpg 0.0 0.0 -90.0 0.0
img_1175.jpg 0.0 0.0 -90.0 0.0
img_1176.jpg 0.0 0.0 -90.0 0.0
img_1177.jpg 0.0 0.0 -90.0 0.0
img_1178.jpg 0.0 0.0 -90.0 0.0
img_1179.jpg 0.0 0.0 -90.0 0.0
img_1180.jpg 0.0 -119.995864208 -90.0 0.0
img_1181.jpg 0.0 -119.995864208 -90.0 0.0
img_1182.jpg 0.0 -119.995864208 -90.0 0.0
img_1183.jpg 0.0 -119.995864208 -90.0 0.0
img_1184.jpg 0.0 -119.995864208 -90.0 0.0
img_1185.jpg 0.0 -119.995864208 -90.0 0.0
img_1186.jpg 0.0 -119.995864208 -90.0 0.0
img_1187.jpg 0.0 -119.995864208 -90.0 0.0
img_1188.jpg 0.0 -119.995864208 -90.0 0.0
img_1189.jpg 0.0 -119.995864208 -90.0 0.0
img_1190.jpg 0.0 0.0 -90.0 0.0
img_1191.jpg 0.0 0.0 -90.0 0.0
img_1192.jpg 0.0 0.0 -90.0 0.0
img_1193.jpg 0.0 0.0 -90.0 0.0
img_1194.jpg 0.0 0.0 -90.0 0.0
img_1195.jpg 0.0 0.0 -90.0 0.0
img_1196.jpg 28.5510253906 0.0 0.0 0.0
img_1197.jpg 40.0 0.0 0.0 0.0
img_1198.jpg 40.0 0.0 0.0 0.0
img_1199.jpg 40.0 0.0 0.0 0.0
img_1200.jpg 40.0 0.0 0.0 0.0
img_1201.jpg 40.0 0.0 0.0 0.0
img_1202.jpg 40.0 0.0 0.0 0.0
img_1203.jpg 27.0642089844 0.0 0.0 0.0
img_1204.jpg 0.0 28.9345855809 0.0 0.0
img_1205.jpg 0.0 120.0 0.0 0.0
img_1206.jpg 0.0 120.0 0.0 0.0
img_1207.jpg 0.0 120.0 0.0 0.0
img_1208.jpg 0.0 120.0 0.0 0.0
img_1209.jpg 0.0 120.0 0.0 0.0
img_1210.jpg 0.0 120.0 0.0 0.0
img_1211.jpg 0.0 120.0 0.0 0.0
img_1212.jpg 0.0 98.4189918129 0.0 0.0
img_1213.jpg 0.0 0.0 -90.0 0.0
img_1214.jpg 0.0 0.0 -90.0 0.0
img_1215.jpg 0.0 0.0 -90.0 0.0
img_1216.jpg 0.0 0.0 -90.0 0.0
img_1217.jpg 0.0 0.0 -90.0 0.0
img_1218.jpg 0.0 0.0 -90.0 0.0
img_1219.jpg 0.0 0.0 -90.0 0.0
img_1220.jpg 0.0 -119.995864208 -90.0 0.0
img_1221.jpg 0.0 -119.995864208 -90.0 0.0
img_1222.jpg 0.0 -119.995864208 -90.0 0.0
img_1223.jpg 0.0 -119.995864208 -90.0 0.0
img_1224.jpg 0.0 -119.995864208 -90.0 0.0
img_1225.jpg 0.0 -119.995864208 -90.0 0.0
img_1226.jpg 0.0 -119.995864208 -90.0 0.0
img_1227.jpg 0.0 -119.995864208 -90.0 0.0
img_1228.jpg 0.0 -63.8069963812 -90.0 0.0
img_1229.jpg 0.0 0.0 -90.0 0.0
img_1230.jpg 0.0 0.0 -90.0 0.0
img_1231.jpg 0.0 0.0 -90.0 0.0
img_1232.jpg 0.0 0.0 -90.0 0.0
img_1233.jpg -27.4829101562 0.0 -90.0 0.0
img_1234.jpg -39.9987792969 0.0 -90.0 0.0
img_1235.jpg -39.9987792969 0.0 -90.0 0.0
img_1236.jpg -39.9987792969 0.0 -90.0 0.0
img_1237.jpg -39.9987792969 0.0 -90.0 0.0
img_1238.jpg -39.9987792969 0.0 -90.0 0.0
img_1239.jpg -39.9987792969 0.0 -90.0 0.0
img_1240.jpg -39.9987792969 0.0 -90.0 0.0
img_1241.jpg -39.9987792969 0.0 -90.0 0.0
img_1242.jpg -39.9987792969 0.0 -90.0 0.0
img_1243.jpg -33.5717773438 0.0 -90.0 0.0
img_1244.jpg 0.0 0.0 -90.0 0.0
img_1245.jpg 0.0 0.0 -90.0 0.0
img_1246.jpg 0.0 0.0 -90.0 0.0
img_1247.jpg 0.0 0.0 90.0 0.0
img_1248.jpg 0.0 0.0 90.0 0.0
img_1249.jpg 0.0 0.0 90.0 0.0
img_1250.jpg 0.0 0.0 90.0 0.0
img_1251.jpg 0.0 0.0 90.0 0.0
img_1252.jpg 0.0 0.0 90.0 0.0
img_1253.jpg 0.0 0.0 90.0 0.0
img_1254.jpg 0.0 0.0 90.0 0.0
