frame_0.jpg 3.65062 0.01256 0.02595 2.35931 0.03759 0.0
frame_1.jpg 3.65668 0.01192 0.0252 2.35657 0.03751 0.0
frame_2.jpg 3.6583 0.01126 0.02511 2.36509 0.03767 0.0
frame_3.jpg 3.6715 0.01083 0.02424 2.34238 0.03759 0.0
frame_4.jpg 3.69371 0.01061 0.02393 2.31523 0.03734 0.0
frame_5.jpg 3.88798 0.01039 0.02357 2.35931 0.03759 0.0
frame_6.jpg 3.88798 0.01039 0.02357 2.35931 0.03759 0.0
frame_7.jpg 3.88798 0.01039 0.02357 2.35931 0.03751 0.0
frame_8.jpg 3.88234 0.01036 0.02375 2.33241 0.03742 0.0
frame_9.jpg 3.86397 0.01021 0.02399 2.41053 0.03761 0.0
frame_10.jpg 3.82771 0.01011 0.02446 2.41102 0.03801 0.0
frame_11.jpg 3.61918 0.00968 0.02441 2.35931 0.03759 0.0
frame_12.jpg 3.61918 0.00968 0.02441 2.35931 0.03759 0.0
frame_13.jpg 3.61011 0.00967 0.02433 2.34039 0.03759 0.0
frame_14.jpg 3.57158 0.00968 0.02409 2.35931 0.03759 0.0
frame_15.jpg 3.56478 0.00957 0.02418 2.34137 0.03751 0.0
frame_16.jpg 3.50811 0.00942 0.02484 2.35931 0.03759 0.0
frame_17.jpg 3.50811 0.00969 0.0254 2.34686 0.03742 0.0
frame_18.jpg 3.50811 0.0099 0.02617 2.37168 0.03775 0.0
frame_19.jpg 3.50811 0.01018 0.02651 2.32696 0.03734 0.0
frame_20.jpg 3.51551 0.01149 0.02917 2.30151 0.03725 0.0
frame_21.jpg 3.51962 0.01229 0.0392 2.30569 0.03709 0.0
frame_22.jpg 3.51876 0.01214 0.05379 2.27377 0.03717 0.0
frame_23.jpg 3.51834 0.01055 0.11237 2.35931 0.03759 0.0
frame_24.jpg 3.51834 0.01055 0.11237 2.35931 0.03759 0.0
frame_25.jpg 3.51834 0.01055 0.11237 2.35932 0.03759 0.0
frame_26.jpg 3.52466 0.01028 0.11355 2.34218 0.03742 0.0
frame_27.jpg 3.58133 0.00967 0.11466 2.35931 0.03759 0.0
frame_28.jpg 3.58133 0.00967 0.11466 2.35931 0.03759 0.0
frame_29.jpg 3.58133 0.00967 0.11466 2.36063 0.03759 0.0
frame_30.jpg 3.58133 0.00967 0.11466 2.35931 0.03759 0.0
frame_31.jpg 3.58133 0.00967 0.11466 2.35973 0.03759 0.0
frame_32.jpg 3.58133 0.00952 0.11483 2.3651 0.03767 0.0
frame_33.jpg 3.54959 0.00903 0.11503 2.35931 0.03759 0.0
frame_34.jpg 3.55356 0.00999 0.117 2.29273 0.03758 0.0
frame_35.jpg 3.55594 0.01052 0.12493 2.2826 0.03742 0.0
frame_36.jpg 3.55492 0.01106 0.13524 2.30816 0.03717 0.0
frame_37.jpg 3.55137 0.00981 0.18488 2.36243 0.03759 0.0
frame_38.jpg 3.55137 0.00981 0.18488 2.35931 0.03759 0.0
frame_39.jpg 3.55137 0.00981 0.18488 2.35931 0.03759 0.0
frame_40.jpg 3.55137 0.00981 0.18488 2.35931 0.03759 0.0
frame_41.jpg 3.55137 0.00981 0.18488 2.35931 0.03759 0.0
frame_42.jpg 3.55137 0.00981 0.18488 2.35931 0.03759 0.0
frame_43.jpg 3.55172 0.01046 0.18469 2.29448 0.03589 0.0
frame_44.jpg 3.55129 0.01065 0.18489 2.3301 0.03258 0.0
frame_45.jpg 3.55085 0.01053 0.18553 2.31427 0.02826 0.0
frame_46.jpg 3.55085 0.01113 0.18527 2.35931 0.01493 0.0
frame_47.jpg 3.55085 0.01077 0.18499 2.36468 0.01485 0.0
frame_48.jpg 3.55085 0.0104 0.18361 2.35531 0.01477 0.0
frame_49.jpg 3.55085 0.01019 0.17896 2.35103 0.01476 0.0
frame_50.jpg 3.55085 0.01 0.17186 2.36395 0.01494 0.0
frame_51.jpg 3.55085 0.00977 0.16409 2.37078 0.01493 0.0
frame_52.jpg 3.55085 0.0096 0.15575 2.36433 0.01502 0.0
frame_53.jpg 3.55085 0.0096 0.14773 2.35939 0.01477 0.0
frame_54.jpg 3.55085 0.00956 0.13982 2.36119 0.01485 0.0
frame_55.jpg 3.55085 0.0096 0.13181 2.37947 0.01518 0.0
frame_56.jpg 3.55085 0.00955 0.12516 2.37247 0.01501 0.0
frame_57.jpg 3.55085 0.0096 0.11882 2.35185 0.01477 0.0
frame_58.jpg 3.55085 0.00959 0.11333 2.37428 0.01501 0.0
frame_59.jpg 3.55085 0.00959 0.10887 2.36957 0.01495 0.0
frame_60.jpg 3.55085 0.00961 0.10537 2.37682 0.01518 0.0
frame_61.jpg 3.55085 0.00959 0.10299 2.35886 0.01485 0.0
frame_62.jpg 3.55085 0.00959 0.10106 2.36045 0.0147 0.0
frame_63.jpg 3.55085 0.00971 0.09844 2.36979 0.01504 0.0
frame_64.jpg 3.55085 0.00959 0.09265 2.3953 0.01509 0.0
frame_65.jpg 3.55085 0.00964 0.08077 2.36959 0.01495 0.0
frame_66.jpg 3.55085 0.00966 0.06569 2.33604 0.0146 0.0
frame_67.jpg 3.55085 0.00976 0.03057 2.35931 0.01485 0.0
frame_68.jpg 3.55085 0.00976 0.03057 2.35931 0.01493 0.0
frame_69.jpg 3.5527 0.01099 0.02836 2.28367 0.01569 0.0
frame_70.jpg 3.5527 0.01164 0.0276 2.3293 0.01967 0.0
frame_71.jpg 3.5527 0.01077 0.02894 2.46038 0.02427 0.0
frame_72.jpg 3.5527 0.01114 0.02884 2.33413 0.02732 0.0
frame_73.jpg 3.5527 0.01202 0.02791 2.31192 0.03114 0.0
frame_74.jpg 3.5527 0.01248 0.02725 2.3152 0.03504 0.0
frame_75.jpg 3.5527 0.01248 0.02725 2.35931 0.03717 0.0
frame_76.jpg 3.5527 0.01248 0.02725 2.35931 0.03768 0.0
frame_77.jpg 3.55497 0.01123 0.0283 2.39628 0.03793 0.0
frame_78.jpg 3.5663 0.0101 0.02884 2.41796 0.03817 0.0
frame_79.jpg 3.59124 0.00984 0.02861 2.3527 0.03775 0.0
frame_80.jpg 3.62297 0.00968 0.02841 2.35284 0.03775 0.0
frame_81.jpg 3.7431 0.01002 0.02858 2.35931 0.03768 0.0
frame_82.jpg 3.7431 0.01002 0.02858 2.35931 0.03768 0.0
frame_83.jpg 3.73403 0.01008 0.02835 2.33207 0.03751 0.0
frame_84.jpg 3.71137 0.01016 0.02807 2.3311 0.03759 0.0
frame_85.jpg 3.63657 0.00966 0.02857 2.35931 0.03768 0.0
frame_86.jpg 3.63657 0.00975 0.02936 2.3486 0.03751 0.0
frame_87.jpg 3.63961 0.01077 0.03279 2.30603 0.03734 0.0
frame_88.jpg 3.63963 0.01173 0.04321 2.27341 0.03725 0.0
frame_89.jpg 3.63963 0.01182 0.05837 2.28304 0.03733 0.0
frame_90.jpg 3.63873 0.01 0.0765 2.43977 0.03834 0.0
frame_91.jpg 3.63873 0.00884 0.09521 2.45426 0.03785 0.0
frame_92.jpg 3.63873 0.00922 0.11121 2.41691 0.0376 0.0
frame_93.jpg 3.63828 0.01033 0.12697 2.2992 0.03725 0.0
frame_94.jpg 3.63696 0.01054 0.14216 2.30216 0.0375 0.0
frame_95.jpg 3.63609 0.00927 0.15728 2.46552 0.0382 0.0
frame_96.jpg 3.63609 0.00918 0.1709 2.43057 0.03777 0.0
frame_97.jpg 3.6356 0.01023 0.19106 2.35931 0.03768 0.0
frame_98.jpg 3.6356 0.00987 0.1893 2.35375 0.03759 0.0
frame_99.jpg 3.6356 0.00977 0.17829 2.34051 0.0375 0.0
frame_100.jpg 3.6356 0.00971 0.16028 2.34559 0.03759 0.0
frame_101.jpg 3.6356 0.00965 0.13886 2.34269 0.03758 0.0
frame_102.jpg 3.6356 0.00973 0.11729 2.35822 0.03751 0.0
frame_103.jpg 3.6356 0.00984 0.09595 2.35744 0.03751 0.0
frame_104.jpg 3.6356 0.00968 0.07453 2.36961 0.0376 0.0
frame_105.jpg 3.6356 0.00956 0.03419 2.35931 0.03768 0.0
frame_106.jpg 3.6356 0.00956 0.03419 2.35931 0.03768 0.0
frame_107.jpg 3.6424 0.0098 0.03302 2.33413 0.03751 0.0
frame_108.jpg 3.66054 0.01015 0.0322 2.33929 0.03751 0.0
frame_109.jpg 3.69 0.01011 0.03196 2.36086 0.03751 0.0
frame_110.jpg 3.72854 0.0101 0.03196 2.40155 0.0377 0.0
frame_111.jpg 3.87133 0.00933 0.03203 2.35931 0.03768 0.0
frame_112.jpg 3.87133 0.00933 0.03213 2.36057 0.03768 0.0
frame_113.jpg 3.87133 0.0102 0.03349 2.31455 0.03742 0.0
frame_114.jpg 3.87133 0.01025 0.03817 2.3422 0.03775 0.0
frame_115.jpg 3.87133 0.01007 0.04572 2.35222 0.03742 0.0
frame_116.jpg 3.87736 0.01103 0.05401 2.33728 0.03742 0.0
frame_117.jpg 3.87688 0.01166 0.07639 2.35931 0.03768 0.0
frame_118.jpg 3.87688 0.01128 0.07667 2.35955 0.03759 0.0
frame_119.jpg 3.87688 0.01101 0.07687 2.35602 0.03759 0.0
frame_120.jpg 3.87688 0.01077 0.07681 2.36863 0.03768 0.0
frame_121.jpg 3.87688 0.01054 0.07685 2.37557 0.03776 0.0
frame_122.jpg 3.87688 0.01014 0.07303 2.39749 0.03785 0.0
frame_123.jpg 3.87688 0.00983 0.05975 2.34016 0.0375 0.0
frame_124.jpg 3.87688 0.00992 0.04252 2.38123 0.038 0.0
frame_125.jpg 3.87688 0.00965 0.02348 2.38164 0.03777 0.0
frame_126.jpg 3.87688 0.00945 0.00568 2.35931 0.03768 0.0
frame_127.jpg 3.87461 0.00938 0.00459 2.35494 0.03759 0.0
frame_128.jpg 3.86781 0.00914 0.0042 2.36742 0.03776 0.0
frame_129.jpg 3.86101 0.00897 0.00392 2.35679 0.03759 0.0
frame_130.jpg 3.84474 0.00944 0.00356 2.32845 0.03751 0.0
frame_131.jpg 3.81754 0.00973 0.00325 2.33671 0.03759 0.0
frame_132.jpg 3.77901 0.00995 0.0032 2.33325 0.03751 0.0
frame_133.jpg 3.73821 0.00973 0.00315 2.33762 0.03759 0.0
frame_134.jpg 3.61581 0.00959 0.00318 2.35933 0.03768 0.0
frame_135.jpg 3.60901 0.00959 0.00318 2.35931 0.03768 0.0
frame_136.jpg 3.60901 0.00959 0.00318 2.35931 0.03768 0.0
frame_137.jpg 3.59768 0.00967 0.00326 2.33373 0.03751 0.0
frame_138.jpg 3.47755 0.0096 0.00368 2.35931 0.03768 0.0
frame_139.jpg 3.47755 0.0096 0.00368 2.35931 0.03768 0.0
frame_140.jpg 3.47755 0.0096 0.00368 2.35931 0.03768 0.0
frame_141.jpg 3.47755 0.00977 0.0034 2.35466 0.03758 0.0
frame_142.jpg 3.47755 0.00985 0.00323 2.36741 0.03768 0.0
frame_143.jpg 3.47755 0.01009 0.00286 2.37208 0.03768 0.0
frame_144.jpg 3.47755 0.01023 0.00271 2.37211 0.03768 0.0
frame_145.jpg 3.47755 0.01033 0.00262 2.35931 0.03768 0.0
frame_146.jpg 3.47755 0.01033 0.0025 2.35935 0.03768 0.0
frame_147.jpg 3.47755 0.01038 0.00264 2.36225 0.03768 0.0
frame_148.jpg 3.47755 0.01042 0.00264 2.36622 0.03768 0.0
frame_149.jpg 3.47755 0.01042 0.00261 2.36198 0.03768 0.0
frame_150.jpg 3.47755 0.01042 0.00265 2.35805 0.03768 0.0
frame_151.jpg 3.47755 0.01046 0.00254 2.36474 0.03768 0.0
frame_152.jpg 3.47795 0.01046 0.00254 2.36301 0.03768 0.0
frame_153.jpg 3.47795 0.01046 0.00254 2.3672 0.03768 0.0
frame_154.jpg 3.47795 0.01051 0.00257 2.36682 0.03768 0.0
frame_155.jpg 3.47795 0.01055 0.00261 2.36676 0.03768 0.0
frame_156.jpg 3.47795 0.01055 0.00256 2.35274 0.03759 0.0
frame_157.jpg 3.47795 0.01055 0.0026 2.35933 0.03768 0.0
frame_158.jpg 3.47795 0.01055 0.0026 2.35931 0.03768 0.0
frame_159.jpg 3.47795 0.01055 0.0026 2.35931 0.03768 0.0
frame_160.jpg 3.47795 0.01055 0.0026 2.35931 0.03768 0.0
frame_161.jpg 3.47795 0.01055 0.0026 2.35931 0.03768 0.0
frame_162.jpg 3.47795 0.01055 0.0026 2.35931 0.03768 0.0
frame_163.jpg 3.47795 0.01055 0.0026 2.35931 0.03768 0.0
frame_164.jpg 3.47795 0.01055 0.0026 2.35931 0.03768 0.0
frame_165.jpg 3.47795 0.01055 0.0026 2.35931 0.03768 0.0
frame_166.jpg 3.47795 0.01055 0.0026 2.35931 0.03768 0.0
frame_167.jpg 3.47795 0.01055 0.0026 2.35931 0.03768 0.0
frame_168.jpg 3.47795 0.01055 0.0026 2.35931 0.03768 0.0
frame_169.jpg 3.47795 0.01055 0.0026 2.35931 0.03768 0.0
frame_170.jpg 3.47795 0.01059 0.00263 2.35689 0.03758 0.0
frame_171.jpg 3.47795 0.01059 0.00263 2.36551 0.03768 0.0
frame_172.jpg 3.47795 0.01059 0.00263 2.34755 0.03767 0.0
frame_173.jpg 3.47795 0.01059 0.00258 2.36302 0.03768 0.0
frame_174.jpg 3.47795 0.0107 0.00222 2.36808 0.03768 0.0
frame_175.jpg 3.48435 0.00993 0.00312 2.36383 0.03776 0.0
frame_176.jpg 3.53875 0.01015 0.00296 2.35931 0.03768 0.0
frame_177.jpg 3.53829 0.01002 0.00329 2.363 0.03759 0.0
frame_178.jpg 3.54917 0.00993 0.00325 2.32936 0.03759 0.0
frame_179.jpg 3.56917 0.00995 0.00316 2.33991 0.03759 0.0
frame_180.jpg 3.60317 0.00994 0.00315 2.33212 0.03751 0.0
frame_181.jpg 3.64397 0.00999 0.00319 2.33257 0.03751 0.0
frame_182.jpg 3.6893 0.01016 0.00292 2.33781 0.03751 0.0
frame_183.jpg 3.73236 0.0099 0.00368 2.35221 0.03759 0.0
frame_184.jpg 3.7709 0.0096 0.00385 2.36421 0.03759 0.0
frame_185.jpg 3.8321 0.00948 0.00381 2.35931 0.03768 0.0
frame_186.jpg 3.8321 0.00948 0.00381 2.3632 0.0376 0.0
frame_187.jpg 3.84116 0.00973 0.00359 2.33471 0.03751 0.0
frame_188.jpg 3.85703 0.00981 0.00335 2.33663 0.03751 0.0
frame_189.jpg 3.87743 0.00962 0.00337 2.34951 0.03767 0.0
frame_190.jpg 4.01116 0.00961 0.0037 2.35931 0.03768 0.0
frame_191.jpg 4.01116 0.00961 0.0037 2.35931 0.03768 0.0
frame_192.jpg 4.01116 0.00961 0.0037 2.35931 0.03768 0.0
frame_193.jpg 4.01116 0.00961 0.0037 2.35931 0.03768 0.0
frame_194.jpg 4.01116 0.00961 0.0037 2.35931 0.03768 0.0
frame_195.jpg 4.01116 0.00961 0.0037 2.35931 0.03768 0.0
frame_196.jpg 4.01116 0.00961 0.0037 2.35931 0.03768 0.0
frame_197.jpg 4.01116 0.00961 0.0037 2.35931 0.03768 0.0
frame_198.jpg 4.01116 0.00961 0.0037 2.35931 0.03768 0.0
frame_199.jpg 4.01116 0.00961 0.0037 2.35931 0.03768 0.0
frame_200.jpg 4.01116 0.00961 0.0037 2.35931 0.03768 0.0
frame_201.jpg 4.01116 0.00961 0.0037 2.35931 0.03768 0.0
frame_202.jpg 4.01116 0.00961 0.0037 2.35931 0.03768 0.0
frame_203.jpg 4.01116 0.00961 0.0037 2.35931 0.03768 0.0
frame_204.jpg 4.01684 0.01102 0.0062 2.25766 0.03725 0.0
frame_205.jpg 4.01748 0.01156 0.01756 2.29221 0.03725 0.0
frame_206.jpg 4.01657 0.01153 0.03259 2.29204 0.03725 0.0
frame_207.jpg 4.01616 0.01177 0.06162 2.35931 0.03768 0.0
frame_208.jpg 4.01616 0.01177 0.06162 2.35931 0.03768 0.0
frame_209.jpg 4.01949 0.01206 0.06478 2.25676 0.03725 0.0
frame_210.jpg 4.0173 0.01192 0.08468 2.35931 0.03768 0.0
frame_211.jpg 4.01158 0.01123 0.08552 2.35605 0.03767 0.0
frame_212.jpg 4.00478 0.01057 0.08637 2.36838 0.03759 0.0
frame_213.jpg 3.99118 0.01004 0.08698 2.35931 0.03768 0.0
frame_214.jpg 3.99571 0.00928 0.08747 2.40933 0.03801 0.0
frame_215.jpg 4.02065 0.00955 0.08719 2.35931 0.03768 0.0
frame_216.jpg 4.02065 0.00955 0.08719 2.35931 0.03768 0.0
frame_217.jpg C o m m   F a i l u r e
frame_218.jpg 4.02065 0.00955 0.08719 2.35931 0.03768 0.0
frame_219.jpg 4.02065 0.00955 0.08719 2.35931 0.03768 0.0
frame_220.jpg 4.02353 0.01088 0.08904 2.2824 0.03725 0.0
frame_221.jpg 4.02344 0.01099 0.11697 2.35931 0.03768 0.0
frame_222.jpg 4.02108 0.00991 0.11842 2.45944 0.03641 0.0
frame_223.jpg 4.02108 0.01062 0.11817 2.30236 0.03208 0.0
frame_224.jpg 4.02108 0.0103 0.11874 2.43162 0.02887 0.0
frame_225.jpg 4.02108 0.0104 0.11873 2.31503 0.02436 0.0
frame_226.jpg 4.02108 0.01047 0.1188 2.35931 0.01757 0.0
frame_227.jpg 4.02108 0.01014 0.11926 2.41403 0.01839 0.0
frame_228.jpg 4.02108 0.01033 0.11906 2.33479 0.01731 0.0
frame_229.jpg 4.02108 0.01052 0.11932 2.35931 0.01757 0.0
frame_230.jpg 4.02108 0.01052 0.11916 2.35931 0.01757 0.0
frame_231.jpg 4.02369 0.0108 0.12098 2.29514 0.01714 0.0
frame_232.jpg 4.00701 0.00884 0.18059 2.33435 0.01757 0.0
frame_233.jpg 4.00701 0.00884 0.18059 2.33435 0.01757 0.0
frame_234.jpg 3.99567 0.00928 0.18157 2.32942 0.0174 0.0
frame_235.jpg 3.98434 0.0097 0.18203 2.32356 0.0174 0.0
frame_236.jpg 3.96621 0.00977 0.18224 2.35301 0.01742 0.0
frame_237.jpg 3.93901 0.00969 0.18236 2.34994 0.01758 0.0
frame_238.jpg 3.83247 0.00972 0.18236 2.33435 0.01757 0.0
frame_239.jpg 3.83247 0.00972 0.18236 2.33435 0.01757 0.0
frame_240.jpg 3.82062 0.00976 0.18232 2.30748 0.0174 0.0
frame_241.jpg 3.78889 0.00991 0.18215 2.33435 0.01757 0.0
frame_242.jpg 3.78889 0.00991 0.18215 2.33435 0.01757 0.0
frame_243.jpg 3.78889 0.00992 0.17696 2.3098 0.01731 0.0
frame_244.jpg 3.78889 0.01004 0.16143 2.3255 0.0174 0.0
frame_245.jpg 3.78889 0.01002 0.14387 2.32974 0.01748 0.0
frame_246.jpg 3.78889 0.00958 0.09144 2.33435 0.01757 0.0
frame_247.jpg 3.78889 0.00959 0.08947 2.32281 0.0174 0.0
frame_248.jpg 3.78889 0.00961 0.08599 2.3476 0.01781 0.0
frame_249.jpg 3.78889 0.0096 0.0765 2.33435 0.01757 0.0
frame_250.jpg 3.78889 0.00966 0.07318 2.32704 0.01748 0.0
frame_251.jpg 3.78889 0.00977 0.06272 2.32086 0.01732 0.0
frame_252.jpg 3.78889 0.00968 0.04772 2.32013 0.0174 0.0
frame_253.jpg 3.78889 0.00956 0.0066 2.33435 0.01757 0.0
frame_254.jpg 3.78889 0.00956 0.0066 2.33435 0.01757 0.0
frame_255.jpg 3.78889 0.00956 0.0066 2.33435 0.01757 0.0
frame_256.jpg 3.77075 0.0097 0.00525 2.33435 0.01757 0.0
frame_257.jpg 3.76849 0.00962 0.00533 2.33771 0.01773 0.0
frame_258.jpg 3.76849 0.00954 0.00549 2.33863 0.01765 0.0
frame_259.jpg 3.76169 0.00954 0.00514 2.36348 0.01784 0.0
frame_260.jpg 3.67329 0.00958 0.00448 2.33435 0.01757 0.0
frame_261.jpg 3.67329 0.00958 0.00448 2.33435 0.01757 0.0
frame_262.jpg 3.67167 0.01009 0.00418 2.26274 0.01874 0.0
frame_263.jpg 3.67126 0.01013 0.00495 2.39979 0.02325 0.0
frame_264.jpg 3.67086 0.01095 0.00469 2.28397 0.0263 0.0
frame_265.jpg 3.67086 0.01034 0.00575 2.40466 0.03089 0.0
frame_266.jpg 3.67086 0.01085 0.0054 2.28734 0.03402 0.0
frame_267.jpg 3.67086 0.01132 0.00474 2.33434 0.03691 0.0
frame_268.jpg 3.67086 0.01132 0.00474 2.33435 0.03759 0.0
frame_269.jpg 3.67086 0.01132 0.00474 2.33435 0.03768 0.0
frame_270.jpg 3.66522 0.01083 0.00496 2.32863 0.03759 0.0
frame_271.jpg 3.66069 0.01015 0.00487 2.32841 0.03768 0.0
frame_272.jpg 3.63349 0.00965 0.00474 2.33435 0.03768 0.0
frame_273.jpg 3.63267 0.00935 0.00783 2.40431 0.03834 0.0
frame_274.jpg 3.63186 0.00943 0.01793 2.35622 0.03759 0.0
frame_275.jpg 3.63186 0.01042 0.02999 2.27375 0.03734 0.0
frame_276.jpg 3.63186 0.00983 0.0455 2.38814 0.03826 0.0
frame_277.jpg 3.63186 0.0095 0.06237 2.3397 0.03751 0.0
frame_278.jpg 3.63186 0.00927 0.07783 2.36898 0.0376 0.0
frame_279.jpg 3.63186 0.01025 0.09183 2.26654 0.03742 0.0
frame_280.jpg 3.63186 0.00991 0.10551 2.40999 0.03803 0.0
frame_281.jpg 3.63186 0.0102 0.11742 2.28261 0.03742 0.0
frame_282.jpg 3.63186 0.00994 0.13263 2.33435 0.03768 0.0
frame_283.jpg 3.63186 0.00994 0.13263 2.33435 0.03768 0.0
frame_284.jpg 3.63186 0.00945 0.13347 2.33721 0.03776 0.0
frame_285.jpg 3.63866 0.00909 0.13425 2.33834 0.03759 0.0
frame_286.jpg 3.64546 0.00882 0.13474 2.35356 0.03785 0.0
frame_287.jpg 3.65226 0.00872 0.13475 2.32238 0.03759 0.0
frame_288.jpg 3.66359 0.00919 0.1348 2.38462 0.03817 0.0
frame_289.jpg 3.67946 0.0094 0.13493 2.37443 0.03777 0.0
frame_290.jpg 3.69759 0.00945 0.135 2.3743 0.03777 0.0
frame_291.jpg 3.71799 0.00949 0.13488 2.37268 0.03778 0.0
frame_292.jpg 3.73839 0.00943 0.13491 2.35358 0.0376 0.0
frame_293.jpg 3.76106 0.0096 0.13475 2.3387 0.03759 0.0
frame_294.jpg 3.78599 0.00961 0.13459 2.32406 0.03759 0.0
frame_295.jpg 3.81092 0.0097 0.1346 2.31406 0.03759 0.0
frame_296.jpg 3.83586 0.00951 0.13469 2.36729 0.03777 0.0
frame_297.jpg 3.90612 0.00919 0.13477 2.33435 0.03768 0.0
frame_298.jpg 3.90815 0.00956 0.13425 2.37155 0.03672 0.0
frame_299.jpg 3.90815 0.00987 0.13405 2.2726 0.03225 0.0
frame_300.jpg 3.90815 0.0102 0.13394 2.29392 0.02843 0.0
frame_301.jpg 3.90815 0.01016 0.13413 2.35854 0.0248 0.0
frame_302.jpg 3.90815 0.00994 0.13457 2.33435 0.01476 0.0
frame_303.jpg 3.90815 0.00994 0.13457 2.33435 0.01476 0.0
frame_304.jpg 3.90815 0.00994 0.13457 2.33435 0.01476 0.0
frame_305.jpg 3.90815 0.00983 0.13138 2.34413 0.01493 0.0
frame_306.jpg 3.90815 0.00976 0.12051 2.3155 0.01451 0.0
frame_307.jpg 3.90815 0.00958 0.10705 2.33079 0.01477 0.0
frame_308.jpg 3.90815 0.00956 0.09283 2.34095 0.01494 0.0
frame_309.jpg 3.90815 0.00962 0.0793 2.32492 0.0146 0.0
frame_310.jpg 3.90815 0.00963 0.06567 2.34146 0.01494 0.0
frame_311.jpg 3.90815 0.00962 0.05095 2.33129 0.01477 0.0
frame_312.jpg 3.90815 0.00961 0.035 2.32586 0.01469 0.0
frame_313.jpg 3.90815 0.00953 0.00934 2.33435 0.01476 0.0
frame_314.jpg 3.90588 0.00953 0.00845 2.3267 0.01476 0.0
frame_315.jpg 3.90361 0.00948 0.00845 2.32693 0.01468 0.0
frame_316.jpg 3.89681 0.00955 0.00797 2.31898 0.01468 0.0
frame_317.jpg 3.88321 0.00938 0.00766 2.33733 0.01485 0.0
frame_318.jpg 3.86961 0.00944 0.00757 2.32588 0.01476 0.0
frame_319.jpg 3.84921 0.00961 0.00749 2.3163 0.01468 0.0
frame_320.jpg 3.82881 0.00941 0.0078 2.35448 0.01501 0.0
frame_321.jpg 3.80615 0.00941 0.00768 2.33262 0.01485 0.0
frame_322.jpg 3.78121 0.00946 0.00761 2.3304 0.01476 0.0
frame_323.jpg 3.75401 0.00944 0.00776 2.34414 0.01493 0.0
frame_324.jpg 3.72908 0.00939 0.00765 2.33871 0.01485 0.0
frame_325.jpg 3.70188 0.00945 0.00759 2.32572 0.01476 0.0
frame_326.jpg 3.67695 0.00944 0.00773 2.33879 0.01485 0.0
frame_327.jpg 3.62482 0.00916 0.0079 2.33435 0.01476 0.0
frame_328.jpg 3.62482 0.00916 0.0079 2.33435 0.01476 0.0
frame_329.jpg 3.62482 0.00916 0.0079 2.33435 0.01476 0.0
frame_330.jpg 3.62482 0.00916 0.0079 2.33435 0.01476 0.0
frame_331.jpg 3.62482 0.0097 0.00713 2.32359 0.01484 0.0
frame_332.jpg 3.62482 0.00986 0.00683 2.32022 0.01451 0.0
frame_333.jpg 3.62482 0.00991 0.00653 2.34042 0.01485 0.0
frame_334.jpg 3.62482 0.01008 0.00641 2.34076 0.01485 0.0
frame_335.jpg 3.62482 0.01066 0.00626 2.33435 0.01476 0.0
frame_336.jpg 3.62482 0.01066 0.00626 2.33435 0.01476 0.0
frame_337.jpg 3.62482 0.01075 0.00621 2.33293 0.01485 0.0
frame_338.jpg 3.62482 0.01083 0.00616 2.33321 0.01485 0.0
frame_339.jpg 3.62482 0.01083 0.00611 2.33504 0.01477 0.0
frame_340.jpg 3.62482 0.01083 0.00611 2.33247 0.01485 0.0
frame_341.jpg 3.62482 0.01088 0.00611 2.32672 0.01484 0.0
frame_342.jpg 3.62482 0.01088 0.0061 2.32956 0.01485 0.0
frame_343.jpg 3.62482 0.01088 0.00606 2.33192 0.01485 0.0
frame_344.jpg 3.62482 0.011 0.00618 2.31831 0.01444 0.0
frame_345.jpg 3.62482 0.01112 0.00633 2.33973 0.01485 0.0
frame_346.jpg 3.62482 0.01121 0.00633 2.34288 0.01485 0.0
frame_347.jpg 3.62482 0.0113 0.0063 2.34276 0.01485 0.0
frame_348.jpg 3.62482 0.01139 0.00632 2.34085 0.01485 0.0
frame_349.jpg 3.62482 0.01152 0.0063 2.33164 0.01484 0.0
frame_350.jpg 3.62482 0.01131 0.00624 2.33955 0.01485 0.0
frame_351.jpg 3.62482 0.01059 0.00688 2.35286 0.01502 0.0
frame_352.jpg 3.62482 0.01061 0.00699 2.33411 0.01485 0.0
frame_353.jpg 3.62482 0.01062 0.00659 2.33974 0.01485 0.0
frame_354.jpg 3.62482 0.01062 0.00653 2.32776 0.01484 0.0
frame_355.jpg 3.62482 0.01068 0.00631 2.32906 0.01476 0.0
frame_356.jpg 3.62482 0.01068 0.00631 2.33226 0.01477 0.0
frame_357.jpg 3.62482 0.01073 0.00627 2.33851 0.01485 0.0
frame_358.jpg 3.62482 0.01073 0.00632 2.34017 0.01485 0.0
frame_359.jpg 3.62482 0.01073 0.00636 2.33678 0.01485 0.0
frame_360.jpg 3.62482 0.0107 0.00631 2.33335 0.01485 0.0
frame_361.jpg 3.62482 0.01075 0.00626 2.3235 0.01451 0.0
frame_362.jpg 3.62482 0.01071 0.00632 2.33435 0.01476 0.0
frame_363.jpg 3.62482 0.01071 0.00632 2.33435 0.01476 0.0
frame_364.jpg 3.62482 0.01071 0.00632 2.33435 0.01476 0.0
frame_365.jpg 3.62482 0.01071 0.00632 2.33435 0.01476 0.0
frame_366.jpg 3.62482 0.01071 0.00632 2.33435 0.01476 0.0
frame_367.jpg 3.62441 0.01094 0.0093 2.28911 0.01434 0.0
frame_368.jpg 3.62441 0.01142 0.01697 2.26863 0.01434 0.0
frame_369.jpg 3.62441 0.01073 0.02876 2.40593 0.01568 0.0
frame_370.jpg 3.62401 0.00976 0.0418 2.37349 0.01494 0.0
frame_371.jpg 3.62401 0.01001 0.05372 2.2925 0.01451 0.0
frame_372.jpg 3.62401 0.00949 0.06638 2.39686 0.01528 0.0
frame_373.jpg 3.62401 0.00991 0.08046 2.33435 0.01476 0.0
frame_374.jpg 3.62401 0.00974 0.08109 2.32665 0.01468 0.0
frame_375.jpg 3.62401 0.00957 0.08157 2.34379 0.01486 0.0
frame_376.jpg 3.61721 0.0097 0.08209 2.34515 0.01469 0.0
frame_377.jpg 3.60134 0.00953 0.08252 2.34273 0.01493 0.0
frame_378.jpg 3.57868 0.00963 0.08231 2.30958 0.01468 0.0
frame_379.jpg 3.55148 0.00975 0.08226 2.30481 0.01459 0.0
frame_380.jpg 3.52201 0.00981 0.08219 2.30557 0.01459 0.0
frame_381.jpg 3.49254 0.00945 0.08269 2.33561 0.01485 0.0
frame_382.jpg 3.46308 0.0095 0.08312 2.34257 0.01469 0.0
frame_383.jpg 3.43814 0.00942 0.0831 2.32501 0.01476 0.0
frame_384.jpg 3.41774 0.00912 0.08311 2.33644 0.01468 0.0
frame_385.jpg 3.39054 0.00878 0.08313 2.33435 0.01476 0.0
frame_386.jpg 3.38963 0.00885 0.08306 2.42254 0.01731 0.0
frame_387.jpg 3.38963 0.00995 0.08243 2.31176 0.01977 0.0
frame_388.jpg 3.38963 0.01059 0.08206 2.30139 0.02342 0.0
frame_389.jpg 3.38963 0.01079 0.08205 2.30838 0.02732 0.0
frame_390.jpg 3.38963 0.01095 0.08161 2.33158 0.03139 0.0
frame_391.jpg 3.38963 0.01038 0.08194 2.33742 0.0353 0.0
frame_392.jpg 3.38963 0.01038 0.08194 2.33435 0.03666 0.0
frame_393.jpg 3.38963 0.01038 0.08194 2.33435 0.03734 0.0
frame_394.jpg 3.38963 0.01038 0.08194 2.33435 0.03734 0.0
frame_395.jpg 3.38963 0.01029 0.07768 2.31477 0.03733 0.0
frame_396.jpg 3.38963 0.01024 0.06469 2.34459 0.03743 0.0
frame_397.jpg 3.38963 0.00993 0.0478 2.31285 0.03725 0.0
frame_398.jpg 3.38963 0.00989 0.02842 2.33139 0.03726 0.0
frame_399.jpg 3.38963 0.00993 0.01068 2.33428 0.03734 0.0
frame_400.jpg 3.38963 0.00993 0.00592 2.33435 0.03734 0.0
frame_401.jpg 3.38963 0.00993 0.00551 2.33435 0.03734 0.0
frame_402.jpg 3.3919 0.00984 0.00469 2.32537 0.03734 0.0
frame_403.jpg 3.3919 0.0097 0.00477 2.32527 0.03734 0.0
frame_404.jpg 3.40052 0.00953 0.00423 2.32434 0.03742 0.0
frame_405.jpg 3.42318 0.00944 0.00399 2.32927 0.0375 0.0
frame_406.jpg 3.45492 0.00943 0.00382 2.32841 0.03759 0.0
frame_407.jpg 3.48892 0.00974 0.00342 2.31139 0.03734 0.0
frame_408.jpg 3.57732 0.00996 0.00306 2.33435 0.03751 0.0
frame_409.jpg 3.57732 0.00984 0.00337 2.32596 0.03742 0.0
frame_410.jpg 3.57732 0.00965 0.00402 2.35419 0.03767 0.0
frame_411.jpg 3.57732 0.00952 0.0044 2.32768 0.03742 0.0
frame_412.jpg 3.57641 0.00918 0.00841 2.41903 0.03802 0.0
frame_413.jpg 3.57414 0.00964 0.0205 2.33318 0.03726 0.0
frame_414.jpg 3.57414 0.01042 0.03438 2.28288 0.03717 0.0
frame_415.jpg 3.57414 0.01011 0.05129 2.33063 0.03767 0.0
frame_416.jpg 3.57414 0.01064 0.08561 2.33435 0.03751 0.0
frame_417.jpg 3.57414 0.01064 0.08561 2.33435 0.03751 0.0
frame_418.jpg 3.56734 0.01023 0.08681 2.31582 0.0375 0.0
frame_419.jpg 3.54694 0.00964 0.0875 2.33986 0.03759 0.0
frame_420.jpg 3.51748 0.00949 0.08775 2.34513 0.03767 0.0
frame_421.jpg 3.48121 0.00989 0.08774 2.30387 0.03734 0.0
frame_422.jpg 3.37429 0.00995 0.08769 2.33435 0.03751 0.0
frame_423.jpg 3.36253 0.00965 0.08877 2.39219 0.03777 0.0
frame_424.jpg 3.3621 0.00929 0.09317 2.40243 0.0376 0.0
frame_425.jpg 3.36168 0.0102 0.10218 2.32133 0.03725 0.0
frame_426.jpg 3.36168 0.01106 0.11489 2.26426 0.03717 0.0
frame_427.jpg 3.36168 0.01115 0.12968 2.26377 0.03725 0.0
frame_428.jpg 3.36168 0.01119 0.14253 2.27071 0.03725 0.0
frame_429.jpg 3.36168 0.01008 0.1543 2.41069 0.03768 0.0
frame_430.jpg 3.36168 0.01059 0.16261 2.28001 0.03717 0.0
frame_431.jpg 3.36168 0.01026 0.16915 2.35202 0.03734 0.0
frame_432.jpg 3.36168 0.01023 0.17206 2.35767 0.03792 0.0
frame_433.jpg 3.36126 0.00995 0.17388 2.40419 0.03769 0.0
frame_434.jpg 3.36084 0.01044 0.17402 2.33432 0.03751 0.0
frame_435.jpg 3.36084 0.01003 0.16894 2.31317 0.03734 0.0
frame_436.jpg 3.36084 0.00988 0.15434 2.31837 0.0375 0.0
frame_437.jpg 3.36084 0.00988 0.13515 2.31515 0.03726 0.0
frame_438.jpg 3.36084 0.0096 0.11452 2.32401 0.0375 0.0
frame_439.jpg 3.36084 0.00946 0.09373 2.35109 0.03775 0.0
frame_440.jpg 3.36084 0.00951 0.07248 2.34961 0.03775 0.0
frame_441.jpg 3.36084 0.00953 0.05166 2.35113 0.03775 0.0
frame_442.jpg 3.36084 0.00961 0.00934 2.33435 0.03751 0.0
frame_443.jpg 3.36084 0.00961 0.00928 2.33435 0.03751 0.0
frame_444.jpg 3.36991 0.00966 0.00828 2.3234 0.03759 0.0
frame_445.jpg 3.39258 0.00936 0.00788 2.34705 0.03775 0.0
frame_446.jpg 3.42658 0.00963 0.00753 2.30391 0.03742 0.0
frame_447.jpg 3.46738 0.00972 0.00717 2.30472 0.03742 0.0
frame_448.jpg 3.51271 0.00958 0.00705 2.30866 0.03742 0.0
