img_0.jpg -26.9213867188 0.0 0.0 0.0
img_1.jpg -39.9987792969 0.0 0.0 0.0
img_2.jpg -39.9987792969 0.0 0.0 0.0
img_3.jpg -39.9987792969 0.0 0.0 0.0
img_4.jpg -8.63159179688 0.0 0.0 0.0
img_5.jpg -8.71704101562 0.0 0.0 0.0
img_6.jpg -37.4340820312 0.0 0.0 0.0
img_7.jpg -24.9560546875 0.0 0.0 0.0
img_8.jpg -37.861328125 0.0 0.0 0.0
img_9.jpg -35.8959960938 0.0 0.0 0.0
img_10.jpg -39.9987792969 0.0 0.0 0.0
img_11.jpg -39.9987792969 0.0 0.0 0.0
img_12.jpg -34.6997070312 0.0 0.0 0.0
img_13.jpg -39.9987792969 0.0 0.0 0.0
img_14.jpg -30.8728027344 0.0 0.0 0.0
img_15.jpg 0.0 98.434510155 0.0 0.0
img_16.jpg 0.0 120.0 0.0 0.0
img_17.jpg 0.0 120.0 0.0 0.0
img_18.jpg 0.0 120.0 0.0 0.0
img_19.jpg 0.0 120.0 0.0 0.0
img_20.jpg 0.0 120.0 0.0 0.0
img_21.jpg 0.0 120.0 0.0 0.0
img_22.jpg 0.0 120.0 0.0 0.0
img_23.jpg 0.0 120.0 0.0 0.0
img_24.jpg 0.0 120.0 0.0 0.0
img_25.jpg 0.0 120.0 0.0 0.0
img_26.jpg 0.0 120.0 0.0 0.0
img_27.jpg 0.0 120.0 0.0 0.0
img_28.jpg 0.0 120.0 0.0 0.0
img_29.jpg 0.0 120.0 0.0 0.0
img_30.jpg 0.0 120.0 0.0 0.0
img_31.jpg 0.0 26.2317462094 0.0 0.0
img_32.jpg 0.0 120.0 0.0 0.0
img_33.jpg 0.0 45.3734683601 0.0 0.0
img_34.jpg 0.0 88.0176802999 0.0 0.0
img_35.jpg 0.0 120.0 0.0 0.0
img_36.jpg 0.0 120.0 0.0 0.0
img_37.jpg 0.0 51.4295305768 0.0 0.0
img_38.jpg 0.0 65.9687797236 0.0 0.0
img_39.jpg 0.0 120.0 0.0 0.0
img_40.jpg 0.0 120.0 0.0 0.0
img_41.jpg 0.0 120.0 0.0 0.0
img_42.jpg 0.0 17.993621664 0.0 0.0
img_43.jpg 0.0 0.0 -90.0 0.0
img_44.jpg 0.0 0.0 -90.0 0.0
img_45.jpg 0.0 0.0 -90.0 0.0
img_46.jpg 0.0 0.0 -90.0 0.0
img_47.jpg 0.0 0.0 -90.0 0.0
img_48.jpg 0.0 0.0 -90.0 0.0
img_49.jpg 0.0 -65.5387713998 0.0 0.0
img_50.jpg 0.0 -69.2286002014 0.0 0.0
img_51.jpg 0.0 -115.383685801 0.0 0.0
img_52.jpg 0.0 -119.995971803 0.0 0.0
img_53.jpg 0.0 -119.995971803 0.0 0.0
img_54.jpg 0.0 -119.995971803 0.0 0.0
img_55.jpg 0.0 -119.995971803 0.0 0.0
img_56.jpg 0.0 -119.995971803 0.0 0.0
img_57.jpg 0.0 -119.995971803 0.0 0.0
img_58.jpg 0.0 -119.995971803 0.0 0.0
img_59.jpg 0.0 -73.3856998993 0.0 0.0
img_60.jpg 0.0 -119.995971803 0.0 0.0
img_61.jpg 0.0 -119.995971803 0.0 0.0
img_62.jpg 0.0 -119.995971803 0.0 0.0
img_63.jpg 0.0 -119.995971803 0.0 0.0
img_64.jpg 0.0 -119.995971803 0.0 0.0
img_65.jpg 0.0 -119.995971803 0.0 0.0
img_66.jpg 0.0 -119.995971803 0.0 0.0
img_67.jpg 0.0 31.3209869636 0.0 0.0
img_68.jpg 0.0 112.245286186 0.0 0.0
img_69.jpg 0.0 120.0 0.0 0.0
img_70.jpg 0.0 120.0 0.0 0.0
img_71.jpg 0.0 120.0 0.0 0.0
img_72.jpg 0.0 120.0 0.0 0.0
img_73.jpg 0.0 120.0 0.0 0.0
img_74.jpg 40.0 0.0 0.0 0.0
img_75.jpg 40.0 0.0 0.0 0.0
img_76.jpg 40.0 0.0 0.0 0.0
img_77.jpg 40.0 0.0 0.0 0.0
img_78.jpg 40.0 0.0 0.0 0.0
img_79.jpg 40.0 0.0 0.0 0.0
img_80.jpg 40.0 0.0 0.0 0.0
img_81.jpg 40.0 0.0 0.0 0.0
img_82.jpg 40.0 0.0 0.0 0.0
img_83.jpg 40.0 0.0 0.0 0.0
img_84.jpg 40.0 0.0 0.0 0.0
img_85.jpg -28.9111328125 0.0 0.0 0.0
img_86.jpg -39.9987792969 0.0 0.0 0.0
img_87.jpg -39.9987792969 0.0 0.0 0.0
img_88.jpg -39.9987792969 0.0 0.0 0.0
img_89.jpg -39.9987792969 0.0 0.0 0.0
img_90.jpg -15.4357910156 0.0 0.0 0.0
img_91.jpg 0.0 0.0 90.0 0.0
img_92.jpg 0.0 0.0 90.0 0.0
img_93.jpg 0.0 0.0 90.0 0.0
img_94.jpg 0.0 0.0 90.0 0.0
img_95.jpg 0.0 0.0 90.0 0.0
img_96.jpg 0.0 -56.306143001 0.0 0.0
img_97.jpg 0.0 -112.153071501 0.0 0.0
img_98.jpg 0.0 -114.920443102 0.0 0.0
img_99.jpg 0.0 -114.920443102 0.0 0.0
img_100.jpg 0.0 -114.920443102 0.0 0.0
img_101.jpg 0.0 -119.995971803 0.0 0.0
img_102.jpg 0.0 -119.995971803 0.0 0.0
img_103.jpg 0.0 -119.995971803 0.0 0.0
img_104.jpg 34.9450683594 0.0 0.0 0.0
img_105.jpg 40.0 0.0 0.0 0.0
img_106.jpg 40.0 0.0 0.0 0.0
img_107.jpg 40.0 0.0 0.0 0.0
img_108.jpg 40.0 0.0 0.0 0.0
img_109.jpg 40.0 0.0 0.0 0.0
img_110.jpg 0.0 61.3629497007 0.0 0.0
img_111.jpg 0.0 120.0 0.0 0.0
img_112.jpg 0.0 120.0 0.0 0.0
img_113.jpg 0.0 98.1928047893 0.0 0.0
img_114.jpg 0.0 -119.995971803 0.0 0.0
img_115.jpg 0.0 -119.995971803 0.0 0.0
img_116.jpg 0.0 -119.995971803 0.0 0.0
img_117.jpg 0.0 -119.995971803 0.0 0.0
img_118.jpg -15.2648925781 0.0 0.0 0.0
img_119.jpg -29.7644042969 0.0 0.0 0.0
img_120.jpg -33.0053710938 0.0 0.0 0.0
img_121.jpg -33.6865234375 0.0 0.0 0.0
img_122.jpg -33.6865234375 0.0 0.0 0.0
img_123.jpg -33.4313964844 0.0 0.0 0.0
