img_0.jpg 0.0 0.0 90.0 0.0
img_1.jpg 0.0 0.0 90.0 0.0
img_2.jpg 0.0 0.0 90.0 0.0
img_3.jpg 0.0 0.0 90.0 0.0
img_4.jpg -11.455078125 0.0 0.0 0.0
img_5.jpg -14.4653320312 0.0 0.0 0.0
img_6.jpg -14.755859375 0.0 0.0 0.0
img_7.jpg -14.9499511719 0.0 0.0 0.0
img_8.jpg -14.9499511719 0.0 0.0 0.0
img_9.jpg -15.9216308594 0.0 0.0 0.0
img_10.jpg -23.10546875 0.0 0.0 0.0
img_11.jpg -28.6389160156 0.0 0.0 0.0
img_12.jpg -28.7365722656 0.0 0.0 0.0
img_13.jpg -28.7365722656 0.0 0.0 0.0
img_14.jpg -28.7365722656 0.0 0.0 0.0
img_15.jpg -28.7365722656 0.0 0.0 0.0
img_16.jpg -28.8330078125 0.0 0.0 0.0
img_17.jpg -29.0270996094 0.0 0.0 0.0
img_18.jpg -28.9306640625 0.0 0.0 0.0
img_19.jpg 0.0 0.0 90.0 0.0
img_20.jpg 0.0 0.0 90.0 0.0
img_21.jpg 0.0 0.0 90.0 0.0
img_22.jpg 0.0 0.0 90.0 0.0
img_23.jpg 0.0 0.0 90.0 0.0
img_24.jpg 0.0 0.0 90.0 0.0
img_25.jpg 0.0 0.0 90.0 0.0
img_26.jpg 0.0 65.2063196517 0.0 0.0
img_27.jpg 0.0 109.587360697 0.0 0.0
img_28.jpg 0.0 118.081104022 0.0 0.0
img_29.jpg 0.0 120.0 0.0 0.0
img_30.jpg 0.0 119.740423318 0.0 0.0
img_31.jpg 0.0 120.0 0.0 0.0
img_32.jpg 0.0 120.0 0.0 0.0
img_33.jpg 0.0 120.0 0.0 0.0
img_34.jpg 0.0 120.0 0.0 0.0
img_35.jpg 0.0 120.0 0.0 0.0
img_36.jpg 0.0 120.0 0.0 0.0
img_37.jpg 0.0 120.0 0.0 0.0
img_38.jpg 0.0 120.0 0.0 0.0
img_39.jpg 0.0 120.0 0.0 0.0
img_40.jpg 0.0 120.0 0.0 0.0
img_41.jpg 0.0 120.0 0.0 0.0
img_42.jpg 0.0 14.4804359136 0.0 0.0
img_43.jpg 0.0 0.0 90.0 0.0
img_44.jpg 0.0 0.0 90.0 0.0
img_45.jpg 0.0 0.0 90.0 0.0
img_46.jpg 0.0 0.0 90.0 0.0
img_47.jpg 0.0 0.0 90.0 0.0
img_48.jpg 0.0 0.0 90.0 0.0
img_49.jpg 0.0 0.0 90.0 0.0
img_50.jpg 0.0 0.0 90.0 0.0
img_51.jpg -2.52319335938 0.0 0.0 0.0
img_52.jpg -12.0373535156 0.0 0.0 0.0
img_53.jpg -14.1735839844 0.0 0.0 0.0
img_54.jpg -15.8239746094 0.0 0.0 0.0
img_55.jpg -16.3098144531 0.0 0.0 0.0
img_56.jpg -16.3098144531 0.0 0.0 0.0
img_57.jpg -17.3779296875 0.0 0.0 0.0
img_58.jpg -18.7365722656 0.0 0.0 0.0
img_59.jpg -22.8137207031 0.0 0.0 0.0
img_60.jpg -23.203125 0.0 0.0 0.0
img_61.jpg -23.203125 0.0 0.0 0.0
img_62.jpg -23.10546875 0.0 0.0 0.0
img_63.jpg -23.203125 0.0 0.0 0.0
img_64.jpg -23.10546875 0.0 0.0 0.0
img_65.jpg -23.10546875 0.0 0.0 0.0
img_66.jpg 0.0 109.731935051 0.0 0.0
img_67.jpg 0.0 120.0 0.0 0.0
img_68.jpg 0.0 120.0 0.0 0.0
img_69.jpg 0.0 120.0 0.0 0.0
img_70.jpg 0.0 120.0 0.0 0.0
img_71.jpg 0.0 76.0723967033 0.0 0.0
img_72.jpg 0.0 0.0 90.0 0.0
img_73.jpg 0.0 0.0 90.0 0.0
img_74.jpg 0.0 0.0 90.0 0.0
img_75.jpg 0.0 0.0 90.0 0.0
img_76.jpg 0.0 0.0 90.0 0.0
img_77.jpg 0.0 0.0 90.0 0.0
img_78.jpg 0.0 0.0 90.0 0.0
img_79.jpg 0.0 0.0 90.0 0.0
img_80.jpg 0.0 0.0 90.0 0.0
img_81.jpg 0.0 96.6019550396 0.0 0.0
img_82.jpg 0.0 120.0 0.0 0.0
img_83.jpg 0.0 120.0 0.0 0.0
img_84.jpg 0.0 120.0 0.0 0.0
img_85.jpg 0.0 120.0 0.0 0.0
img_86.jpg 0.0 120.0 0.0 0.0
img_87.jpg 0.0 120.0 0.0 0.0
img_88.jpg 0.0 120.0 0.0 0.0
img_89.jpg 0.0 120.0 0.0 0.0
img_90.jpg 0.0 120.0 0.0 0.0
img_91.jpg 0.0 120.0 0.0 0.0
img_92.jpg 0.0 120.0 0.0 0.0
img_93.jpg 0.0 120.0 0.0 0.0
img_94.jpg 0.0 120.0 0.0 0.0
img_95.jpg 0.0 120.0 0.0 0.0
img_96.jpg 0.0 120.0 0.0 0.0
img_97.jpg 0.0 120.0 -90.0 0.0
img_98.jpg 0.0 103.764957148 -90.0 0.0
img_99.jpg 0.0 0.0 -90.0 0.0
img_100.jpg 0.0 0.0 -90.0 0.0
img_101.jpg 0.0 0.0 -90.0 0.0
img_102.jpg 0.0 0.0 -90.0 0.0
img_103.jpg 0.0 0.0 -90.0 0.0
img_104.jpg 0.0 0.0 -90.0 0.0
img_105.jpg 0.0 0.0 -90.0 0.0
img_106.jpg 0.0 0.0 -90.0 0.0
img_107.jpg 0.0 0.0 -90.0 0.0
img_108.jpg 0.0 0.0 -90.0 0.0
img_109.jpg 0.0 0.0 -90.0 0.0
img_110.jpg 0.0 0.0 -90.0 0.0
img_111.jpg 0.0 0.0 -90.0 0.0
img_112.jpg 0.0 0.0 -90.0 0.0
img_113.jpg 0.0 0.0 -90.0 0.0
img_114.jpg 0.0 0.0 -90.0 0.0
img_115.jpg 0.0 0.0 -90.0 0.0
img_116.jpg 0.0 0.0 90.0 0.0
img_117.jpg 0.0 0.0 90.0 0.0
img_118.jpg 0.0 0.0 90.0 0.0
img_119.jpg 0.0 0.0 90.0 0.0
img_120.jpg 0.0 0.0 90.0 0.0
img_121.jpg 0.0 0.0 90.0 0.0
img_122.jpg 0.0 0.0 90.0 0.0
img_123.jpg 0.0 0.0 90.0 0.0
img_124.jpg 0.0 0.0 90.0 0.0
img_125.jpg 0.0 0.0 90.0 0.0
img_126.jpg 0.0 0.0 90.0 0.0
img_127.jpg 0.0 0.0 90.0 0.0
img_128.jpg 10.5773925781 0.0 0.0 0.0
img_129.jpg 10.5773925781 0.0 0.0 0.0
img_130.jpg 10.5773925781 0.0 0.0 0.0
img_131.jpg 10.5773925781 0.0 0.0 0.0
img_132.jpg 10.5773925781 0.0 0.0 0.0
img_133.jpg 10.5773925781 0.0 0.0 0.0
img_134.jpg 10.5773925781 0.0 0.0 0.0
img_135.jpg 10.5773925781 0.0 0.0 0.0
img_136.jpg 12.1154785156 0.0 0.0 0.0
img_137.jpg 13.8464355469 0.0 0.0 0.0
img_138.jpg 17.6928710938 0.0 0.0 0.0
img_139.jpg 18.2702636719 0.0 0.0 0.0
img_140.jpg 19.6154785156 0.0 0.0 0.0
img_141.jpg 22.6928710938 0.0 0.0 0.0
img_142.jpg 23.2702636719 0.0 0.0 0.0
img_143.jpg 23.2702636719 0.0 0.0 0.0
img_144.jpg 24.6154785156 0.0 0.0 0.0
img_145.jpg 26.7309570312 0.0 0.0 0.0
img_146.jpg 30.5773925781 0.0 0.0 0.0
img_147.jpg 30.9619140625 0.0 0.0 0.0
img_148.jpg 30.7702636719 0.0 0.0 0.0
img_149.jpg 30.7702636719 0.0 0.0 0.0
img_150.jpg 30.7702636719 0.0 0.0 0.0
img_151.jpg 30.1928710938 0.0 0.0 0.0
img_152.jpg 0.0 0.0 90.0 0.0
img_153.jpg 0.0 0.0 90.0 0.0
img_154.jpg 0.0 0.0 90.0 0.0
img_155.jpg 0.0 0.0 90.0 0.0
img_156.jpg 0.0 0.0 90.0 0.0
img_157.jpg 0.0 0.0 90.0 0.0
img_158.jpg 0.0 44.561758988 0.0 0.0
img_159.jpg 0.0 71.0582952274 0.0 0.0
img_160.jpg 0.0 71.0582952274 0.0 0.0
img_161.jpg 0.0 71.2981572246 0.0 0.0
img_162.jpg 0.0 71.2981572246 0.0 0.0
img_163.jpg 0.0 71.5380192218 0.0 0.0
img_164.jpg 0.0 76.0723967033 0.0 0.0
img_165.jpg 0.0 96.8418170368 0.0 0.0
img_166.jpg 0.0 97.3182552504 0.0 0.0
img_167.jpg 0.0 97.3182552504 0.0 0.0
img_168.jpg -2.23266601562 0.0 0.0 0.0
img_169.jpg -9.90234375 0.0 0.0 0.0
img_170.jpg -11.1645507812 0.0 0.0 0.0
img_171.jpg -14.4653320312 0.0 0.0 0.0
img_172.jpg -17.2802734375 0.0 0.0 0.0
img_173.jpg -17.4743652344 0.0 0.0 0.0
img_174.jpg -18.5424804688 0.0 0.0 0.0
img_175.jpg -18.9306640625 0.0 0.0 0.0
img_176.jpg -19.1247558594 0.0 0.0 0.0
img_177.jpg -19.1247558594 0.0 0.0 0.0
img_178.jpg -19.1247558594 0.0 0.0 0.0
img_179.jpg -19.1247558594 0.0 0.0 0.0
img_180.jpg -19.1247558594 0.0 0.0 0.0
img_181.jpg -19.1247558594 0.0 0.0 0.0
img_182.jpg -19.2224121094 0.0 0.0 0.0
img_183.jpg -19.3188476562 0.0 0.0 0.0
img_184.jpg -19.4165039062 0.0 0.0 0.0
img_185.jpg -19.3188476562 0.0 0.0 0.0
img_186.jpg -19.3188476562 0.0 0.0 0.0
img_187.jpg -17.3779296875 0.0 0.0 0.0
img_188.jpg 0.0 0.0 90.0 0.0
img_189.jpg 0.0 0.0 90.0 0.0
img_190.jpg 0.0 0.0 90.0 0.0
img_191.jpg 0.0 0.0 90.0 0.0
img_192.jpg 0.0 0.0 90.0 0.0
img_193.jpg 0.0 0.0 90.0 0.0
img_194.jpg 0.0 0.0 90.0 0.0
img_195.jpg 0.0 0.0 90.0 0.0
img_196.jpg -10.1928710938 0.0 0.0 0.0
img_197.jpg -16.8920898438 0.0 0.0 0.0
img_198.jpg -18.6401367188 0.0 0.0 0.0
img_199.jpg -19.0283203125 0.0 0.0 0.0
img_200.jpg -19.5129394531 0.0 0.0 0.0
img_201.jpg -19.5129394531 0.0 0.0 0.0
img_202.jpg -19.4165039062 0.0 0.0 0.0
img_203.jpg 0.0 60.7935160593 0.0 0.0
img_204.jpg 0.0 97.081679034 0.0 0.0
img_205.jpg 0.0 96.8418170368 0.0 0.0
img_206.jpg 0.0 96.6019550396 0.0 0.0
img_207.jpg 0.0 96.6019550396 0.0 0.0
img_208.jpg 0.0 96.6019550396 0.0 0.0
img_209.jpg 0.0 96.8418170368 0.0 0.0
img_210.jpg 0.0 96.8418170368 0.0 0.0
img_211.jpg 0.0 96.8418170368 0.0 0.0
img_212.jpg 0.0 96.6019550396 0.0 0.0
img_213.jpg 0.0 96.6019550396 0.0 0.0
img_214.jpg 0.0 96.6019550396 0.0 0.0
img_215.jpg 0.0 96.6019550396 0.0 0.0
img_216.jpg 0.0 59.6007776348 0.0 0.0
img_217.jpg 5.0 0.0 0.0 0.0
img_218.jpg 18.6547851562 0.0 0.0 0.0
img_219.jpg 20.1928710938 0.0 0.0 0.0
img_220.jpg 22.8857421875 0.0 0.0 0.0
img_221.jpg 24.0393066406 0.0 0.0 0.0
img_222.jpg 24.6154785156 0.0 0.0 0.0
img_223.jpg 24.8083496094 0.0 0.0 0.0
img_224.jpg 25.7702636719 0.0 0.0 0.0
img_225.jpg 25.7702636719 0.0 0.0 0.0
img_226.jpg 25.7702636719 0.0 0.0 0.0
img_227.jpg 25.7702636719 0.0 0.0 0.0
img_228.jpg 25.9619140625 0.0 0.0 0.0
img_229.jpg 25.9619140625 0.0 0.0 0.0
img_230.jpg 25.9619140625 0.0 0.0 0.0
img_231.jpg 25.9619140625 0.0 0.0 0.0
img_232.jpg 25.7702636719 0.0 0.0 0.0
img_233.jpg 25.7702636719 0.0 0.0 0.0
img_234.jpg 0.0 21.4035760248 0.0 0.0
img_235.jpg 0.0 59.3609156376 0.0 0.0
img_236.jpg 0.0 60.7935160593 0.0 0.0
img_237.jpg 0.0 70.3419950166 0.0 0.0
img_238.jpg 0.0 74.163358068 0.0 0.0
img_239.jpg 0.0 77.9814353386 0.0 0.0
img_240.jpg 0.0 78.9375975466 0.0 0.0
img_241.jpg 0.0 83.4719750281 0.0 0.0
img_242.jpg 0.0 96.8418170368 0.0 0.0
img_243.jpg 0.0 99.4671558829 0.0 0.0
img_244.jpg 0.0 99.7070178801 0.0 0.0
img_245.jpg 0.0 100.663180088 0.0 0.0
img_246.jpg 0.0 101.616056515 0.0 0.0
img_247.jpg 0.0 102.092494729 0.0 0.0
img_248.jpg 0.0 102.092494729 0.0 0.0
img_249.jpg 0.0 102.092494729 0.0 0.0
img_250.jpg 0.0 101.855918513 0.0 0.0
img_251.jpg 0.0 98.7508556721 -90.0 0.0
img_252.jpg 0.0 41.220119931 -90.0 0.0
img_253.jpg 0.0 0.0 -90.0 0.0
img_254.jpg 0.0 0.0 -90.0 0.0
img_255.jpg 0.0 0.0 -90.0 0.0
img_256.jpg 0.0 0.0 -90.0 0.0
img_257.jpg 0.0 0.0 -90.0 0.0
img_258.jpg 0.0 0.0 -90.0 0.0
img_259.jpg 0.0 0.0 -90.0 0.0
img_260.jpg 0.0 0.0 -90.0 0.0
img_261.jpg 0.0 0.0 -90.0 0.0
img_262.jpg 0.0 0.0 -90.0 0.0
img_263.jpg 0.0 0.0 -90.0 0.0
img_264.jpg 0.0 0.0 -90.0 0.0
img_265.jpg 0.0 0.0 -90.0 0.0
img_266.jpg 0.0 0.0 -90.0 0.0
img_267.jpg 0.0 0.0 -90.0 0.0
img_268.jpg 0.0 0.0 -90.0 0.0
img_269.jpg 0.0 0.0 -90.0 0.0
img_270.jpg 0.0 0.0 -90.0 0.0
img_271.jpg 0.0 0.0 -90.0 0.0
img_272.jpg 0.0 0.0 -90.0 0.0
img_273.jpg 0.0 0.0 -90.0 0.0
img_274.jpg 0.0 0.0 -90.0 0.0
img_275.jpg 0.0 0.0 -90.0 0.0
img_276.jpg 0.0 0.0 -90.0 0.0
img_277.jpg 0.0 0.0 -90.0 0.0
img_278.jpg 0.0 0.0 -90.0 0.0
img_279.jpg 0.0 0.0 -90.0 0.0
img_280.jpg 0.0 0.0 -90.0 0.0
img_281.jpg 0.0 0.0 -90.0 0.0
img_282.jpg 0.0 0.0 -90.0 0.0
img_283.jpg 0.0 0.0 -90.0 0.0
img_284.jpg 0.0 0.0 -90.0 0.0
img_285.jpg 0.0 0.0 -90.0 0.0
img_286.jpg 0.0 0.0 -90.0 0.0
img_287.jpg 0.0 0.0 -90.0 0.0
img_288.jpg 0.0 -119.995864208 -90.0 0.0
img_289.jpg 0.0 -119.995864208 -90.0 0.0
img_290.jpg 0.0 -119.995864208 -90.0 0.0
img_291.jpg 0.0 -119.995864208 -90.0 0.0
img_292.jpg 0.0 -119.995864208 -90.0 0.0
img_293.jpg 0.0 -119.995864208 -90.0 0.0
img_294.jpg 0.0 -119.995864208 -90.0 0.0
img_295.jpg 0.0 -119.995864208 -90.0 0.0
img_296.jpg 0.0 -119.995864208 -90.0 0.0
img_297.jpg 0.0 -119.995864208 -90.0 0.0
img_298.jpg 0.0 -119.995864208 -90.0 0.0
img_299.jpg 0.0 -119.995864208 -90.0 0.0
img_300.jpg 0.0 0.0 -90.0 0.0
img_301.jpg 0.0 0.0 -90.0 0.0
img_302.jpg 0.0 0.0 -90.0 0.0
img_303.jpg 0.0 0.0 -90.0 0.0
img_304.jpg 0.0 0.0 -90.0 0.0
img_305.jpg 0.0 0.0 90.0 0.0
img_306.jpg 0.0 0.0 90.0 0.0
img_307.jpg 0.0 0.0 90.0 0.0
img_308.jpg 0.0 0.0 90.0 0.0
img_309.jpg 0.0 0.0 90.0 0.0
img_310.jpg 6.923828125 0.0 0.0 0.0
img_311.jpg 7.11547851562 0.0 0.0 0.0
img_312.jpg 7.11547851562 0.0 0.0 0.0
img_313.jpg 7.30834960938 0.0 0.0 0.0
img_314.jpg 10.1928710938 0.0 0.0 0.0
img_315.jpg 11.923828125 0.0 0.0 0.0
img_316.jpg 17.5 0.0 0.0 0.0
img_317.jpg 21.923828125 0.0 0.0 0.0
img_318.jpg 22.1154785156 0.0 0.0 0.0
img_319.jpg 22.1154785156 0.0 0.0 0.0
img_320.jpg 22.1154785156 0.0 0.0 0.0
img_321.jpg 22.1154785156 0.0 0.0 0.0
img_322.jpg 21.7309570312 0.0 0.0 0.0
img_323.jpg 5.3857421875 0.0 0.0 0.0
img_324.jpg 14.8083496094 0.0 0.0 0.0
img_325.jpg 14.8083496094 0.0 0.0 0.0
img_326.jpg 14.8083496094 0.0 0.0 0.0
img_327.jpg 14.8083496094 0.0 0.0 0.0
img_328.jpg 14.8083496094 0.0 0.0 0.0
img_329.jpg 14.8083496094 0.0 0.0 0.0
img_330.jpg 14.8083496094 0.0 0.0 0.0
img_331.jpg 14.8083496094 0.0 0.0 0.0
img_332.jpg 14.8083496094 0.0 0.0 0.0
img_333.jpg 15.0 0.0 0.0 0.0
img_334.jpg 17.1154785156 0.0 0.0 0.0
img_335.jpg 17.5 0.0 0.0 0.0
img_336.jpg 19.2309570312 0.0 0.0 0.0
img_337.jpg 27.8857421875 0.0 0.0 0.0
img_338.jpg 29.0393066406 0.0 0.0 0.0
img_339.jpg 29.0393066406 0.0 0.0 0.0
img_340.jpg 29.2309570312 0.0 0.0 0.0
img_341.jpg 29.2309570312 0.0 0.0 0.0
img_342.jpg 28.8464355469 0.0 0.0 0.0
img_343.jpg 0.0 10.737931601 0.0 0.0
img_344.jpg 0.0 88.2495002875 0.0 0.0
img_345.jpg 0.0 104.721119356 0.0 0.0
img_346.jpg 0.0 108.299334629 0.0 0.0
img_347.jpg 0.0 110.927959256 0.0 0.0
img_348.jpg 0.0 112.120697681 0.0 0.0
img_349.jpg 0.0 111.880835684 0.0 0.0
img_350.jpg 0.0 111.880835684 0.0 0.0
img_351.jpg 0.0 111.880835684 0.0 0.0
img_352.jpg 0.0 111.880835684 0.0 0.0
img_353.jpg 0.0 111.880835684 0.0 0.0
img_354.jpg 0.0 111.880835684 0.0 0.0
img_355.jpg 0.0 111.880835684 0.0 0.0
img_356.jpg 0.0 111.880835684 0.0 0.0
img_357.jpg 0.0 111.880835684 0.0 0.0
img_358.jpg 0.0 111.880835684 0.0 0.0
img_359.jpg 0.0 111.880835684 0.0 0.0
img_360.jpg 0.0 63.4188549054 0.0 0.0
img_361.jpg 0.0 0.0 90.0 0.0
img_362.jpg 0.0 0.0 90.0 0.0
img_363.jpg 0.0 0.0 90.0 0.0
img_364.jpg 0.0 0.0 90.0 0.0
img_365.jpg 0.0 0.0 90.0 0.0
img_366.jpg 0.0 0.0 90.0 0.0
img_367.jpg 0.0 0.0 90.0 0.0
img_368.jpg 0.0 0.0 90.0 0.0
img_369.jpg 0.0 0.0 90.0 0.0
img_370.jpg 0.0 0.0 90.0 0.0
img_371.jpg 0.0 0.0 90.0 0.0
img_372.jpg -3.39721679688 0.0 0.0 0.0
img_373.jpg -9.8046875 0.0 0.0 0.0
img_374.jpg -9.90234375 0.0 0.0 0.0
img_375.jpg -9.90234375 0.0 0.0 0.0
img_376.jpg -9.8046875 0.0 0.0 0.0
img_377.jpg -8.9306640625 0.0 0.0 0.0
img_378.jpg -3.30078125 0.0 0.0 0.0
img_379.jpg -4.17358398438 0.0 0.0 0.0
img_380.jpg -10.3869628906 0.0 0.0 0.0
img_381.jpg -11.0668945312 0.0 0.0 0.0
img_382.jpg -11.1645507812 0.0 0.0 0.0
img_383.jpg -11.2609863281 0.0 0.0 0.0
img_384.jpg -11.2609863281 0.0 0.0 0.0
img_385.jpg -11.2609863281 0.0 0.0 0.0
img_386.jpg -11.8432617188 0.0 0.0 0.0
img_387.jpg -12.5231933594 0.0 0.0 0.0
img_388.jpg -13.0090332031 0.0 0.0 0.0
img_389.jpg -13.3972167969 0.0 0.0 0.0
img_390.jpg -13.3972167969 0.0 0.0 0.0
img_391.jpg -16.6979980469 0.0 0.0 0.0
img_392.jpg -18.3483886719 0.0 0.0 0.0
img_393.jpg -18.3483886719 0.0 0.0 0.0
img_394.jpg -18.3483886719 0.0 0.0 0.0
img_395.jpg -18.3483886719 0.0 0.0 0.0
img_396.jpg 0.0 91.3512773473 0.0 0.0
img_397.jpg 0.0 120.0 0.0 0.0
img_398.jpg 0.0 120.0 0.0 0.0
img_399.jpg 0.0 120.0 0.0 0.0
img_400.jpg 0.0 120.0 0.0 0.0
img_401.jpg 0.0 120.0 0.0 0.0
img_402.jpg 0.0 120.0 0.0 0.0
img_403.jpg 0.0 120.0 0.0 0.0
img_404.jpg 0.0 120.0 0.0 0.0
img_405.jpg 0.0 88.2495002875 0.0 0.0
img_406.jpg 0.0 0.0 90.0 0.0
img_407.jpg 0.0 0.0 90.0 0.0
img_408.jpg 0.0 0.0 90.0 0.0
img_409.jpg 0.0 0.0 90.0 0.0
img_410.jpg 0.0 0.0 90.0 0.0
img_411.jpg -9.70825195312 0.0 0.0 0.0
img_412.jpg -17.9602050781 0.0 0.0 0.0
img_413.jpg -18.3483886719 0.0 0.0 0.0
img_414.jpg -18.3483886719 0.0 0.0 0.0
img_415.jpg -18.2507324219 0.0 0.0 0.0
img_416.jpg -18.3483886719 0.0 0.0 0.0
img_417.jpg -18.3483886719 0.0 0.0 0.0
img_418.jpg -18.3483886719 0.0 0.0 0.0
img_419.jpg -18.3483886719 0.0 0.0 0.0
img_420.jpg -18.3483886719 0.0 0.0 0.0
img_421.jpg 0.0 61.9895402645 0.0 0.0
img_422.jpg 0.0 97.5581172476 0.0 0.0
img_423.jpg 0.0 98.2744174584 0.0 0.0
img_424.jpg 0.0 98.7508556721 0.0 0.0
img_425.jpg 0.0 98.7508556721 0.0 0.0
img_426.jpg 0.0 99.4671558829 0.0 0.0
img_427.jpg 0.0 101.616056515 0.0 0.0
img_428.jpg 0.0 111.40439747 0.0 0.0
img_429.jpg 0.0 111.40439747 0.0 0.0
img_430.jpg 0.0 111.164535473 0.0 0.0
img_431.jpg 0.0 111.164535473 0.0 0.0
img_432.jpg 0.0 111.40439747 0.0 0.0
img_433.jpg 0.0 112.360559678 0.0 0.0
img_434.jpg 0.0 114.985898524 -90.0 0.0
img_435.jpg 0.0 28.8064401303 -90.0 0.0
img_436.jpg 0.0 0.0 -90.0 0.0
img_437.jpg 0.0 0.0 -90.0 0.0
img_438.jpg 0.0 0.0 -90.0 0.0
img_439.jpg 0.0 0.0 -90.0 0.0
img_440.jpg 0.0 0.0 -90.0 0.0
img_441.jpg 0.0 0.0 -90.0 0.0
img_442.jpg 0.0 0.0 -90.0 0.0
img_443.jpg 0.0 0.0 -90.0 0.0
img_444.jpg 0.0 0.0 -90.0 0.0
img_445.jpg 0.0 -11.0797863174 -90.0 0.0
img_446.jpg 0.0 -12.5852145442 -90.0 0.0
img_447.jpg 0.0 -11.5802171291 -90.0 0.0
img_448.jpg 0.0 -11.5802171291 -90.0 0.0
img_449.jpg 0.0 0.0 -90.0 0.0
img_450.jpg 0.0 0.0 -90.0 0.0
img_451.jpg 0.0 0.0 -90.0 0.0
img_452.jpg 8.07739257812 0.0 0.0 0.0
img_453.jpg 10.3857421875 0.0 0.0 0.0
img_454.jpg 11.3464355469 0.0 0.0 0.0
img_455.jpg 18.6547851562 0.0 0.0 0.0
img_456.jpg 19.2309570312 0.0 0.0 0.0
img_457.jpg 19.423828125 0.0 0.0 0.0
img_458.jpg 19.423828125 0.0 0.0 0.0
img_459.jpg 19.2309570312 0.0 0.0 0.0
img_460.jpg 19.2309570312 0.0 0.0 0.0
img_461.jpg 19.423828125 0.0 0.0 0.0
img_462.jpg 19.423828125 0.0 0.0 0.0
img_463.jpg 19.423828125 0.0 0.0 0.0
img_464.jpg 19.423828125 0.0 0.0 0.0
img_465.jpg 19.6154785156 0.0 0.0 0.0
img_466.jpg 20.1928710938 0.0 0.0 0.0
img_467.jpg 23.2702636719 0.0 0.0 0.0
img_468.jpg 26.5393066406 0.0 0.0 0.0
img_469.jpg 27.5 0.0 0.0 0.0
img_470.jpg 27.5 0.0 0.0 0.0
img_471.jpg 27.3083496094 0.0 0.0 0.0
img_472.jpg 0.0 0.0 90.0 0.0
img_473.jpg 0.0 0.0 90.0 0.0
img_474.jpg 0.0 0.0 90.0 0.0
img_475.jpg 0.0 0.0 90.0 0.0
img_476.jpg 0.0 0.0 90.0 0.0
img_477.jpg 0.0 0.0 90.0 0.0
img_478.jpg 0.0 0.0 90.0 0.0
img_479.jpg 0.0 0.0 90.0 0.0
img_480.jpg 0.0 0.0 90.0 0.0
img_481.jpg 0.0 0.0 90.0 0.0
img_482.jpg 0.0 0.0 90.0 0.0
img_483.jpg 0.0 0.0 90.0 0.0
img_484.jpg 0.0 0.0 90.0 0.0
img_485.jpg 0.0 0.0 90.0 0.0
img_486.jpg 0.0 0.0 90.0 0.0
img_487.jpg 0.0 0.0 90.0 0.0
img_488.jpg 0.0 0.0 90.0 0.0
img_489.jpg 0.0 46.9472358369 0.0 0.0
img_490.jpg 0.0 65.5677555379 0.0 0.0
img_491.jpg 0.0 72.7307576463 0.0 0.0
img_492.jpg 0.0 73.6869198543 0.0 0.0
img_493.jpg 0.0 73.4470578571 0.0 0.0
img_494.jpg 0.0 73.2071958599 0.0 0.0
img_495.jpg 0.0 73.2071958599 0.0 0.0
img_496.jpg 0.0 73.2071958599 0.0 0.0
img_497.jpg 0.0 73.2071958599 0.0 0.0
img_498.jpg 0.0 73.2071958599 0.0 0.0
img_499.jpg 0.0 73.2071958599 0.0 0.0
img_500.jpg 0.0 73.2071958599 0.0 0.0
img_501.jpg 0.0 73.2071958599 0.0 0.0
img_502.jpg 0.0 32.8643793982 0.0 0.0
img_503.jpg 0.0 0.0 90.0 0.0
img_504.jpg 0.0 0.0 90.0 0.0
img_505.jpg 0.0 0.0 90.0 0.0
img_506.jpg 0.0 0.0 90.0 0.0
img_507.jpg 0.0 0.0 90.0 0.0
img_508.jpg 0.0 0.0 90.0 0.0
img_509.jpg 0.0 0.0 90.0 0.0
img_510.jpg 0.0 0.0 90.0 0.0
img_511.jpg 0.0 0.0 90.0 0.0
img_512.jpg 0.0 0.0 90.0 0.0
img_513.jpg 0.0 0.0 90.0 0.0
img_514.jpg 0.0 0.0 90.0 0.0
img_515.jpg 0.0 53.1540757372 0.0 0.0
img_516.jpg 0.0 84.4281372361 0.0 0.0
img_517.jpg 0.0 87.0534760823 0.0 0.0
img_518.jpg 0.0 104.481257359 0.0 0.0
img_519.jpg 0.0 105.673995783 0.0 0.0
img_520.jpg 0.0 107.822896416 0.0 0.0
img_521.jpg 0.0 120.0 0.0 0.0
img_522.jpg 0.0 120.0 0.0 0.0
img_523.jpg 0.0 120.0 0.0 0.0
img_524.jpg 0.0 120.0 0.0 0.0
img_525.jpg 0.0 120.0 0.0 0.0
img_526.jpg 0.0 120.0 0.0 0.0
img_527.jpg 0.0 120.0 0.0 0.0
img_528.jpg 0.0 120.0 0.0 0.0
img_529.jpg 0.0 120.0 0.0 0.0
img_530.jpg 0.0 120.0 0.0 0.0
img_531.jpg 0.0 120.0 0.0 0.0
img_532.jpg 0.0 120.0 0.0 0.0
img_533.jpg 0.0 120.0 0.0 0.0
img_534.jpg 0.0 0.0 90.0 0.0
img_535.jpg 0.0 0.0 90.0 0.0
img_536.jpg 0.0 0.0 90.0 0.0
img_537.jpg 0.0 0.0 90.0 0.0
img_538.jpg 0.0 0.0 90.0 0.0
img_539.jpg 0.0 0.0 90.0 0.0
img_540.jpg 0.0 0.0 90.0 0.0
img_541.jpg 0.0 0.0 90.0 0.0
img_542.jpg 0.0 0.0 90.0 0.0
img_543.jpg 9.423828125 0.0 0.0 0.0
img_544.jpg 10.5773925781 0.0 0.0 0.0
img_545.jpg 10.5773925781 0.0 0.0 0.0
img_546.jpg 10.5773925781 0.0 0.0 0.0
img_547.jpg 10.5773925781 0.0 0.0 0.0
img_548.jpg 10.5773925781 0.0 0.0 0.0
img_549.jpg 10.5773925781 0.0 0.0 0.0
img_550.jpg 10.5773925781 0.0 0.0 0.0
img_551.jpg 11.3464355469 0.0 0.0 0.0
img_552.jpg 13.6547851562 0.0 0.0 0.0
img_553.jpg 19.2309570312 0.0 0.0 0.0
img_554.jpg 19.6154785156 0.0 0.0 0.0
img_555.jpg 20.0 0.0 0.0 0.0
img_556.jpg 19.8083496094 0.0 0.0 0.0
img_557.jpg 19.8083496094 0.0 0.0 0.0
img_558.jpg 18.6547851562 0.0 0.0 0.0
img_559.jpg 0.0 11.1355110758 0.0 0.0
img_560.jpg 0.0 46.2309356261 0.0 0.0
img_561.jpg 0.0 51.2450371019 0.0 0.0
img_562.jpg 0.0 52.20119931 0.0 0.0
img_563.jpg 0.0 55.7827003642 0.0 0.0
img_564.jpg 0.0 62.7058404753 0.0 0.0
img_565.jpg 0.0 79.1774595438 0.0 0.0
img_566.jpg 0.0 104.721119356 0.0 0.0
img_567.jpg 0.0 109.971797048 0.0 0.0
img_568.jpg 0.0 109.731935051 0.0 0.0
img_569.jpg 0.0 109.971797048 0.0 0.0
img_570.jpg 0.0 111.644259467 0.0 0.0
img_571.jpg 0.0 120.0 0.0 0.0
img_572.jpg 0.0 120.0 0.0 0.0
img_573.jpg 0.0 120.0 0.0 0.0
img_574.jpg 0.0 120.0 0.0 0.0
img_575.jpg 0.0 120.0 0.0 0.0
img_576.jpg 0.0 120.0 0.0 0.0
img_577.jpg 0.0 120.0 0.0 0.0
img_578.jpg 0.0 107.106596205 0.0 0.0
img_579.jpg 3.27026367188 0.0 0.0 0.0
img_580.jpg 4.23095703125 0.0 0.0 0.0
img_581.jpg 4.03930664062 0.0 0.0 0.0
img_582.jpg 4.23095703125 0.0 0.0 0.0
img_583.jpg 4.23095703125 0.0 0.0 0.0
img_584.jpg 4.423828125 0.0 0.0 0.0
img_585.jpg 8.27026367188 0.0 0.0 0.0
img_586.jpg 11.5393066406 0.0 0.0 0.0
img_587.jpg 12.8857421875 0.0 0.0 0.0
img_588.jpg 13.8464355469 0.0 0.0 0.0
img_589.jpg 14.8083496094 0.0 0.0 0.0
img_590.jpg 15.7702636719 0.0 0.0 0.0
img_591.jpg 17.1154785156 0.0 0.0 0.0
img_592.jpg 20.1928710938 0.0 0.0 0.0
img_593.jpg 31.3464355469 0.0 0.0 0.0
img_594.jpg 34.423828125 0.0 0.0 0.0
img_595.jpg 35.7702636719 0.0 0.0 0.0
img_596.jpg 36.3464355469 0.0 0.0 0.0
img_597.jpg 36.3464355469 0.0 0.0 0.0
img_598.jpg -8.9306640625 0.0 0.0 0.0
img_599.jpg -14.9499511719 0.0 0.0 0.0
img_600.jpg -16.3098144531 0.0 0.0 0.0
img_601.jpg -16.6003417969 0.0 0.0 0.0
img_602.jpg -16.7944335938 0.0 0.0 0.0
img_603.jpg -17.1838378906 0.0 0.0 0.0
img_604.jpg -17.4743652344 0.0 0.0 0.0
img_605.jpg -17.3779296875 0.0 0.0 0.0
img_606.jpg -17.3779296875 0.0 0.0 0.0
img_607.jpg -17.3779296875 0.0 0.0 0.0
img_608.jpg -17.3779296875 0.0 0.0 0.0
img_609.jpg -17.3779296875 0.0 0.0 0.0
img_610.jpg -17.3779296875 0.0 0.0 0.0
img_611.jpg -17.3779296875 0.0 0.0 0.0
img_612.jpg -17.4743652344 0.0 0.0 0.0
img_613.jpg -17.4743652344 0.0 0.0 0.0
img_614.jpg 0.0 0.0 90.0 0.0
img_615.jpg 0.0 0.0 90.0 0.0
img_616.jpg 0.0 0.0 90.0 0.0
img_617.jpg 0.0 0.0 90.0 0.0
img_618.jpg 0.0 0.0 90.0 0.0
img_619.jpg 0.0 0.0 90.0 0.0
img_620.jpg 0.0 0.0 90.0 0.0
img_621.jpg 0.0 0.0 90.0 0.0
img_622.jpg 0.0 0.0 90.0 0.0
img_623.jpg 0.0 0.0 90.0 0.0
img_624.jpg 0.0 0.0 90.0 0.0
img_625.jpg 0.0 0.0 90.0 0.0
img_626.jpg 0.0 0.0 90.0 0.0
img_627.jpg 0.0 0.0 90.0 0.0
img_628.jpg 0.0 0.0 90.0 0.0
img_629.jpg 0.0 0.0 90.0 0.0
img_630.jpg 0.0 0.0 90.0 0.0
img_631.jpg 0.0 40.0240957257 0.0 0.0
img_632.jpg 0.0 73.2071958599 0.0 0.0
img_633.jpg 0.0 84.9045754497 0.0 0.0
img_634.jpg 0.0 84.9045754497 0.0 0.0
img_635.jpg 0.0 84.6679992333 0.0 0.0
img_636.jpg 0.0 84.4281372361 0.0 0.0
img_637.jpg 0.0 84.4281372361 0.0 0.0
img_638.jpg 0.0 84.1882752389 0.0 0.0
img_639.jpg 0.0 0.0 90.0 0.0
img_640.jpg 0.0 0.0 90.0 0.0
img_641.jpg 0.0 0.0 90.0 0.0
img_642.jpg 0.0 0.0 90.0 0.0
img_643.jpg 0.0 0.0 90.0 0.0
img_644.jpg 0.0 0.0 90.0 0.0
img_645.jpg 0.0 0.0 90.0 0.0
img_646.jpg 0.0 0.0 90.0 0.0
img_647.jpg 0.0 40.7403959366 0.0 0.0
img_648.jpg 0.0 75.119520276 0.0 0.0
img_649.jpg 0.0 80.8466361819 0.0 0.0
img_650.jpg 0.0 97.081679034 0.0 0.0
img_651.jpg 0.0 105.437419567 0.0 0.0
img_652.jpg 0.0 104.721119356 0.0 0.0
img_653.jpg 0.0 104.721119356 0.0 0.0
img_654.jpg 0.0 104.721119356 0.0 0.0
img_655.jpg 0.0 104.721119356 0.0 0.0
img_656.jpg 0.0 104.481257359 0.0 0.0
img_657.jpg 0.0 96.8418170368 0.0 0.0
img_658.jpg 0.0 82.2792366036 0.0 0.0
img_659.jpg 0.0 65.5677555379 0.0 0.0
img_660.jpg 0.0 65.0913173243 0.0 0.0
img_661.jpg 0.0 65.8076175351 0.0 0.0
img_662.jpg 0.0 66.0474795323 0.0 0.0
img_663.jpg 0.0 63.8985788998 0.0 0.0
img_664.jpg 10.5773925781 57.2120150051 0.0 0.0
img_665.jpg 12.5 54.5866761589 0.0 0.0
img_666.jpg 12.8857421875 54.8265381561 0.0 0.0
img_667.jpg 13.0773925781 54.8265381561 0.0 0.0
img_668.jpg 13.0773925781 55.3029763698 0.0 0.0
img_669.jpg 13.2702636719 55.3029763698 0.0 0.0
img_670.jpg 13.2702636719 55.3029763698 0.0 0.0
img_671.jpg 0.0 26.6575394978 0.0 0.0
img_672.jpg 0.0 0.0 90.0 0.0
img_673.jpg 0.0 0.0 90.0 0.0
img_674.jpg 0.0 0.0 90.0 0.0
img_675.jpg 0.0 0.0 90.0 0.0
img_676.jpg 0.0 0.0 90.0 0.0
img_677.jpg 0.0 0.0 90.0 0.0
img_678.jpg 0.0 0.0 90.0 0.0
img_679.jpg 0.0 0.0 90.0 0.0
img_680.jpg 0.0 0.0 90.0 0.0
img_681.jpg 0.0 0.0 90.0 0.0
img_682.jpg 0.0 0.0 90.0 0.0
img_683.jpg 0.0 0.0 90.0 0.0
img_684.jpg 0.0 0.0 90.0 0.0
img_685.jpg 10.9619140625 0.0 0.0 0.0
img_686.jpg 11.1547851562 0.0 0.0 0.0
img_687.jpg 11.1547851562 0.0 0.0 0.0
img_688.jpg 11.1547851562 0.0 0.0 0.0
img_689.jpg 11.3464355469 0.0 0.0 0.0
img_690.jpg 12.5 0.0 0.0 0.0
img_691.jpg 21.7309570312 0.0 0.0 0.0
img_692.jpg 23.4619140625 0.0 0.0 0.0
img_693.jpg 23.6547851562 0.0 0.0 0.0
img_694.jpg 23.8464355469 0.0 0.0 0.0
img_695.jpg 23.8464355469 0.0 0.0 0.0
img_696.jpg 23.8464355469 0.0 0.0 0.0
img_697.jpg 23.6547851562 0.0 0.0 0.0
img_698.jpg 0.0 15.1967361244 0.0 0.0
img_699.jpg 0.0 55.542838367 0.0 0.0
img_700.jpg 0.0 71.2981572246 0.0 0.0
img_701.jpg 0.0 80.6100599655 0.0 0.0
img_702.jpg 0.0 86.5770378686 0.0 0.0
img_703.jpg 0.0 86.100599655 0.0 0.0
img_704.jpg 0.0 85.8607376578 0.0 0.0
img_705.jpg 0.0 85.8607376578 0.0 0.0
img_706.jpg 0.0 85.8607376578 0.0 0.0
img_707.jpg 0.0 85.8607376578 0.0 0.0
img_708.jpg 0.0 85.8607376578 0.0 0.0
img_709.jpg 0.0 85.8607376578 0.0 0.0
img_710.jpg 0.0 85.8607376578 0.0 0.0
img_711.jpg 0.0 85.8607376578 0.0 0.0
img_712.jpg 0.0 85.8607376578 0.0 0.0
img_713.jpg 0.0 77.2651351277 0.0 0.0
img_714.jpg 0.0 68.1963801648 0.0 0.0
img_715.jpg 0.0 67.0003559596 0.0 0.0
img_716.jpg 0.0 47.1870978341 0.0 0.0
img_717.jpg 0.0 35.4897182443 0.0 0.0
img_718.jpg 0.0 35.7295802415 0.0 0.0
img_719.jpg 0.0 35.7295802415 0.0 0.0
img_720.jpg 0.0 56.9754387886 0.0 0.0
img_721.jpg 0.0 67.9565181676 0.0 0.0
img_722.jpg 0.0 71.0582952274 0.0 0.0
img_723.jpg 0.0 84.9045754497 0.0 0.0
img_724.jpg 0.0 101.376194518 0.0 0.0
img_725.jpg 0.0 101.376194518 0.0 0.0
img_726.jpg 0.0 101.855918513 0.0 0.0
img_727.jpg 0.0 102.80879494 0.0 0.0
img_728.jpg 0.0 103.764957148 0.0 0.0
img_729.jpg 0.0 107.822896416 0.0 0.0
img_730.jpg 0.0 120.0 0.0 0.0
img_731.jpg 0.0 120.0 0.0 0.0
img_732.jpg 0.0 120.0 0.0 0.0
img_733.jpg 0.0 120.0 0.0 0.0
img_734.jpg 0.0 106.870019988 0.0 0.0
img_735.jpg 0.0 0.0 -90.0 0.0
img_736.jpg 0.0 0.0 -90.0 0.0
img_737.jpg 0.0 0.0 -90.0 0.0
img_738.jpg 0.0 0.0 -90.0 0.0
img_739.jpg 0.0 0.0 -90.0 0.0
img_740.jpg 0.0 0.0 -90.0 0.0
img_741.jpg 0.0 0.0 -90.0 0.0
img_742.jpg 0.0 0.0 -90.0 0.0
img_743.jpg 0.0 0.0 -90.0 0.0
img_744.jpg 0.0 0.0 -90.0 0.0
img_745.jpg 0.0 0.0 -90.0 0.0
img_746.jpg 0.0 0.0 -90.0 0.0
img_747.jpg 0.0 0.0 -90.0 0.0
img_748.jpg 0.0 0.0 -90.0 0.0
img_749.jpg 0.0 0.0 -90.0 0.0
img_750.jpg 0.0 0.0 -90.0 0.0
img_751.jpg 0.0 -119.995864208 -90.0 0.0
img_752.jpg 0.0 -119.995864208 -90.0 0.0
img_753.jpg 0.0 -119.995864208 -90.0 0.0
img_754.jpg 0.0 -119.995864208 -90.0 0.0
img_755.jpg 0.0 -119.995864208 -90.0 0.0
img_756.jpg 0.0 -119.995864208 -90.0 0.0
img_757.jpg 0.0 -119.995864208 -90.0 0.0
img_758.jpg 0.0 -119.995864208 -90.0 0.0
img_759.jpg 0.0 -119.995864208 -90.0 0.0
img_760.jpg 0.0 -119.995864208 -90.0 0.0
img_761.jpg 0.0 -119.995864208 -90.0 0.0
img_762.jpg 0.0 -119.995864208 -90.0 0.0
img_763.jpg 0.0 -119.995864208 -90.0 0.0
img_764.jpg 0.0 -119.995864208 -90.0 0.0
img_765.jpg 0.0 -119.995864208 -90.0 0.0
img_766.jpg 0.0 -44.2653799759 -90.0 0.0
img_767.jpg 12.1154785156 0.0 0.0 0.0
img_768.jpg 12.1154785156 0.0 0.0 0.0
img_769.jpg 12.1154785156 0.0 0.0 0.0
img_770.jpg 12.1154785156 0.0 0.0 0.0
img_771.jpg 12.3083496094 0.0 0.0 0.0
img_772.jpg 12.8857421875 0.0 0.0 0.0
img_773.jpg 26.1547851562 0.0 0.0 0.0
img_774.jpg 28.8464355469 0.0 0.0 0.0
img_775.jpg 29.6154785156 0.0 0.0 0.0
img_776.jpg 32.8857421875 0.0 0.0 0.0
img_777.jpg 40.0 0.0 0.0 0.0
img_778.jpg 40.0 0.0 0.0 0.0
img_779.jpg 28.3190917969 0.0 0.0 0.0
img_780.jpg 0.0 0.0 90.0 0.0
img_781.jpg 0.0 0.0 90.0 0.0
img_782.jpg 0.0 0.0 90.0 0.0
img_783.jpg 0.0 0.0 90.0 0.0
img_784.jpg 0.0 0.0 90.0 0.0
img_785.jpg 0.0 0.0 90.0 0.0
img_786.jpg 0.0 0.0 90.0 0.0
img_787.jpg 0.0 0.0 90.0 0.0
img_788.jpg 0.0 0.0 90.0 0.0
img_789.jpg 0.0 0.0 90.0 0.0
img_790.jpg 0.0 0.0 90.0 0.0
img_791.jpg 0.0 0.0 90.0 0.0
img_792.jpg 0.0 0.0 90.0 0.0
img_793.jpg 0.0 0.0 90.0 0.0
img_794.jpg 0.0 0.0 90.0 0.0
img_795.jpg 0.0 0.0 90.0 0.0
img_796.jpg 0.0 0.0 90.0 0.0
img_797.jpg 0.0 0.0 90.0 0.0
img_798.jpg 0.0 0.0 90.0 0.0
img_799.jpg 2.65502929688 0.0 0.0 0.0
img_800.jpg 6.3720703125 0.0 0.0 0.0
img_801.jpg 7.43408203125 0.0 0.0 0.0
img_802.jpg 7.61108398438 0.0 0.0 0.0
img_803.jpg 7.7880859375 0.0 0.0 0.0
img_804.jpg 7.96508789062 0.0 0.0 0.0
img_805.jpg 8.67309570312 0.0 0.0 0.0
img_806.jpg 8.67309570312 0.0 0.0 0.0
img_807.jpg 9.02709960938 0.0 0.0 0.0
img_808.jpg 10.4431152344 0.0 0.0 0.0
img_809.jpg 19.6472167969 0.0 0.0 0.0
img_810.jpg 21.5930175781 0.0 0.0 0.0
img_811.jpg 21.5930175781 0.0 0.0 0.0
img_812.jpg 21.5930175781 0.0 0.0 0.0
img_813.jpg 21.416015625 0.0 0.0 0.0
img_814.jpg 0.0 0.0 90.0 0.0
img_815.jpg 0.0 0.0 90.0 0.0
img_816.jpg 0.0 0.0 90.0 0.0
img_817.jpg 0.0 0.0 90.0 0.0
img_818.jpg 0.0 0.0 90.0 0.0
img_819.jpg 0.0 0.0 90.0 0.0
img_820.jpg 0.0 0.0 90.0 0.0
img_821.jpg 0.0 0.0 90.0 0.0
img_822.jpg 0.0 0.0 90.0 0.0
img_823.jpg 0.0 0.0 90.0 0.0
img_824.jpg 0.0 0.0 90.0 0.0
img_825.jpg 0.0 0.0 90.0 0.0
img_826.jpg 0.0 0.0 90.0 0.0
img_827.jpg 0.0 44.3218969908 0.0 0.0
img_828.jpg 0.0 96.3653788231 0.0 0.0
img_829.jpg 0.0 103.288518934 0.0 0.0
img_830.jpg 0.0 104.481257359 0.0 0.0
img_831.jpg 0.0 114.50617453 0.0 0.0
img_832.jpg 0.0 119.760138003 0.0 0.0
img_833.jpg 0.0 120.0 0.0 0.0
img_834.jpg 0.0 120.0 0.0 0.0
img_835.jpg 0.0 120.0 0.0 0.0
img_836.jpg 0.0 120.0 0.0 0.0
img_837.jpg 0.0 120.0 0.0 0.0
img_838.jpg 0.0 120.0 0.0 0.0
img_839.jpg 0.0 120.0 0.0 0.0
img_840.jpg 0.0 120.0 0.0 0.0
img_841.jpg 0.0 120.0 0.0 0.0
img_842.jpg 0.0 120.0 0.0 0.0
img_843.jpg 0.0 31.4317789765 -90.0 0.0
img_844.jpg 0.0 0.0 -90.0 0.0
img_845.jpg 0.0 0.0 -90.0 0.0
img_846.jpg 0.0 0.0 -90.0 0.0
img_847.jpg 0.0 0.0 -90.0 0.0
img_848.jpg 0.0 0.0 -90.0 0.0
img_849.jpg 0.0 0.0 -90.0 0.0
img_850.jpg 0.0 0.0 -90.0 0.0
img_851.jpg 0.0 0.0 -90.0 0.0
img_852.jpg 0.0 0.0 -90.0 0.0
img_853.jpg 0.0 0.0 -90.0 0.0
img_854.jpg 0.0 0.0 -90.0 0.0
img_855.jpg 0.0 0.0 -90.0 0.0
img_856.jpg 0.0 -94.0892641737 -90.0 0.0
img_857.jpg 0.0 -119.995864208 -90.0 0.0
img_858.jpg 0.0 -119.995864208 -90.0 0.0
img_859.jpg 0.0 -119.995864208 -90.0 0.0
img_860.jpg 0.0 -119.995864208 -90.0 0.0
img_861.jpg 0.0 -119.995864208 -90.0 0.0
img_862.jpg 0.0 -119.995864208 -90.0 0.0
img_863.jpg 0.0 -119.995864208 -90.0 0.0
img_864.jpg 0.0 -119.995864208 -90.0 0.0
img_865.jpg 0.0 -119.995864208 -90.0 0.0
img_866.jpg 0.0 -119.995864208 -90.0 0.0
img_867.jpg 0.0 0.0 90.0 0.0
img_868.jpg 0.0 0.0 90.0 0.0
img_869.jpg 0.0 0.0 90.0 0.0
img_870.jpg 0.0 0.0 90.0 0.0
img_871.jpg 0.0 0.0 90.0 0.0
img_872.jpg 0.0 0.0 90.0 0.0
img_873.jpg 0.0 0.0 90.0 0.0
img_874.jpg 0.0 0.0 90.0 0.0
img_875.jpg 0.0 0.0 90.0 0.0
img_876.jpg 0.0 -91.599517491 0.0 0.0
img_877.jpg 0.0 -119.995864208 0.0 0.0
img_878.jpg 0.0 -119.995864208 0.0 0.0
img_879.jpg 0.0 -119.995864208 0.0 0.0
img_880.jpg 0.0 -119.995864208 0.0 0.0
img_881.jpg 0.0 -119.995864208 0.0 0.0
img_882.jpg 0.0 -119.995864208 0.0 0.0
img_883.jpg 0.0 -119.995864208 0.0 0.0
img_884.jpg 0.0 -119.995864208 0.0 0.0
img_885.jpg 0.0 -119.995864208 0.0 0.0
img_886.jpg 0.0 0.0 90.0 0.0
img_887.jpg 0.0 0.0 90.0 0.0
img_888.jpg 0.0 0.0 90.0 0.0
img_889.jpg 0.0 0.0 90.0 0.0
img_890.jpg 0.0 0.0 90.0 0.0
img_891.jpg 0.0 0.0 90.0 0.0
img_892.jpg 0.0 0.0 90.0 0.0
img_893.jpg 0.0 0.0 90.0 0.0
img_894.jpg 0.0 0.0 90.0 0.0
img_895.jpg 0.0 0.0 90.0 0.0
img_896.jpg 0.0 0.0 90.0 0.0
img_897.jpg 0.0 0.0 90.0 0.0
img_898.jpg 0.0 0.0 90.0 0.0
img_899.jpg 0.0 0.0 90.0 0.0
img_900.jpg 0.0 0.0 90.0 0.0
img_901.jpg 0.0 0.0 90.0 0.0
img_902.jpg 0.0 0.0 90.0 0.0
img_903.jpg 0.0 0.0 90.0 0.0
img_904.jpg 0.0 0.0 90.0 0.0
img_905.jpg 0.0 0.0 90.0 0.0
img_906.jpg 0.0 0.0 90.0 0.0
img_907.jpg 0.0 0.0 90.0 0.0
img_908.jpg 0.0 0.0 90.0 0.0
img_909.jpg 0.0 0.0 90.0 0.0
img_910.jpg 0.0 0.0 90.0 0.0
img_911.jpg 0.0 46.2309356261 90.0 0.0
img_912.jpg 0.0 120.0 90.0 0.0
img_913.jpg 0.0 120.0 90.0 0.0
img_914.jpg 0.0 120.0 90.0 0.0
img_915.jpg 0.0 0.0 90.0 0.0
img_916.jpg 0.0 0.0 90.0 0.0
img_917.jpg 0.0 0.0 90.0 0.0
img_918.jpg 0.0 0.0 90.0 0.0
img_919.jpg 0.0 15.1967361244 0.0 0.0
img_920.jpg 0.0 44.561758988 0.0 0.0
img_921.jpg 0.0 46.4707976233 0.0 0.0
img_922.jpg 0.0 56.2591385778 0.0 0.0
img_923.jpg 0.0 56.7355767914 0.0 0.0
img_924.jpg 0.0 56.9754387886 0.0 0.0
img_925.jpg 0.0 57.2120150051 0.0 0.0
img_926.jpg 0.0 57.2120150051 0.0 0.0
img_927.jpg 0.0 57.2120150051 0.0 0.0
img_928.jpg 0.0 57.4518770023 0.0 0.0
img_929.jpg 0.0 57.9283152159 0.0 0.0
img_930.jpg 0.0 58.6446154267 0.0 0.0
img_931.jpg 0.0 60.5569398428 0.0 0.0
img_932.jpg 0.0 61.0333780565 0.0 0.0
img_933.jpg 0.0 62.9424166918 0.0 0.0
img_934.jpg 0.0 73.4470578571 0.0 0.0
img_935.jpg 0.0 79.8937597547 0.0 0.0
img_936.jpg 0.0 84.6679992333 0.0 0.0
img_937.jpg 0.0 84.4281372361 0.0 0.0
img_938.jpg 0.0 83.9516990225 0.0 0.0
img_939.jpg 0.0 83.7118370253 0.0 0.0
img_940.jpg 0.0 53.6337997317 0.0 0.0
img_941.jpg 0.0 0.0 90.0 0.0
img_942.jpg 0.0 0.0 90.0 0.0
img_943.jpg 0.0 0.0 90.0 0.0
img_944.jpg 0.0 0.0 90.0 0.0
img_945.jpg 0.0 0.0 90.0 0.0
img_946.jpg 0.0 0.0 90.0 0.0
img_947.jpg 0.0 0.0 90.0 0.0
img_948.jpg 0.0 0.0 90.0 0.0
img_949.jpg 0.0 0.0 90.0 0.0
img_950.jpg 0.0 0.0 90.0 0.0
img_951.jpg 0.0 0.0 90.0 0.0
img_952.jpg 0.0 0.0 90.0 0.0
img_953.jpg 0.0 82.0393746064 0.0 0.0
img_954.jpg 0.0 111.164535473 0.0 0.0
img_955.jpg 0.0 111.40439747 0.0 0.0
img_956.jpg 0.0 111.40439747 0.0 0.0
img_957.jpg 0.0 111.40439747 0.0 0.0
img_958.jpg 0.0 111.40439747 0.0 0.0
img_959.jpg 0.0 111.40439747 0.0 0.0
img_960.jpg 0.0 69.3891185893 0.0 0.0
img_961.jpg 0.0 45.9943594097 0.0 0.0
img_962.jpg 0.0 79.8937597547 0.0 0.0
img_963.jpg 0.0 80.1303359711 0.0 0.0
img_964.jpg 0.0 79.8937597547 0.0 0.0
img_965.jpg 0.0 79.8937597547 0.0 0.0
img_966.jpg 0.0 79.8937597547 0.0 0.0
img_967.jpg 0.0 78.461159333 0.0 0.0
img_968.jpg 0.0 48.3798362586 0.0 0.0
img_969.jpg 0.0 0.0 90.0 0.0
img_970.jpg 0.0 0.0 90.0 0.0
img_971.jpg 0.0 0.0 90.0 0.0
img_972.jpg 0.0 0.0 90.0 0.0
img_973.jpg 0.0 0.0 90.0 0.0
img_974.jpg 0.0 0.0 90.0 0.0
img_975.jpg 0.0 20.6872758139 0.0 0.0
img_976.jpg 0.0 21.8833000192 0.0 0.0
img_977.jpg 0.0 21.643438022 0.0 0.0
img_978.jpg 0.0 21.643438022 0.0 0.0
img_979.jpg 0.0 21.643438022 0.0 0.0
img_980.jpg 0.0 21.643438022 0.0 0.0
img_981.jpg 0.0 21.643438022 0.0 0.0
img_982.jpg 0.0 120.0 0.0 0.0
img_983.jpg 0.0 120.0 0.0 0.0
img_984.jpg 0.0 120.0 0.0 0.0
img_985.jpg 0.0 120.0 0.0 0.0
img_986.jpg 0.0 120.0 0.0 0.0
img_987.jpg 0.0 120.0 0.0 0.0
img_988.jpg 0.0 120.0 0.0 0.0
img_989.jpg 0.0 120.0 0.0 0.0
img_990.jpg 0.0 120.0 0.0 0.0
img_991.jpg 0.0 43.1291585663 0.0 0.0
img_992.jpg 0.0 0.0 -90.0 0.0
img_993.jpg 0.0 0.0 -90.0 0.0
img_994.jpg 0.0 0.0 -90.0 0.0
img_995.jpg 0.0 0.0 -90.0 0.0
img_996.jpg 0.0 0.0 -90.0 0.0
img_997.jpg 0.0 0.0 -90.0 0.0
img_998.jpg 0.0 0.0 -90.0 0.0
img_999.jpg 0.0 0.0 -90.0 0.0
img_1000.jpg 0.0 0.0 -90.0 0.0
img_1001.jpg 0.0 0.0 -90.0 0.0
img_1002.jpg 0.0 0.0 -90.0 0.0
img_1003.jpg 0.0 0.0 -90.0 0.0
img_1004.jpg 0.0 -119.995864208 -90.0 0.0
img_1005.jpg 0.0 -119.995864208 -90.0 0.0
img_1006.jpg 0.0 -119.995864208 -90.0 0.0
img_1007.jpg 0.0 -119.995864208 -90.0 0.0
img_1008.jpg 0.0 -119.995864208 -90.0 0.0
img_1009.jpg 0.0 -119.995864208 -90.0 0.0
img_1010.jpg 0.0 -119.995864208 -90.0 0.0
img_1011.jpg 0.0 -119.995864208 -90.0 0.0
img_1012.jpg 0.0 -119.995864208 -90.0 0.0
img_1013.jpg 0.0 0.0 -90.0 0.0
img_1014.jpg 0.0 0.0 -90.0 0.0
img_1015.jpg 3.18603515625 0.0 0.0 0.0
img_1016.jpg 9.73510742188 0.0 0.0 0.0
img_1017.jpg 10.0891113281 0.0 0.0 0.0
img_1018.jpg 10.0891113281 0.0 0.0 0.0
img_1019.jpg 10.0891113281 0.0 0.0 0.0
img_1020.jpg 9.912109375 0.0 0.0 0.0
img_1021.jpg 0.0 0.0 90.0 0.0
img_1022.jpg 0.0 0.0 90.0 0.0
img_1023.jpg 0.0 0.0 90.0 0.0
img_1024.jpg 0.0 0.0 90.0 0.0
img_1025.jpg 0.0 0.0 90.0 0.0
img_1026.jpg 0.0 0.0 90.0 0.0
img_1027.jpg 0.0 0.0 90.0 0.0
img_1028.jpg 0.0 0.0 90.0 0.0
img_1029.jpg 0.0 0.0 90.0 0.0
img_1030.jpg 0.0 0.0 90.0 0.0
img_1031.jpg 10.4431152344 0.0 0.0 0.0
img_1032.jpg 20.1770019531 0.0 0.0 0.0
img_1033.jpg 20.1770019531 0.0 0.0 0.0
img_1034.jpg 20.3540039062 0.0 0.0 0.0
img_1035.jpg 21.2390136719 0.0 0.0 0.0
img_1036.jpg 29.5581054688 0.0 0.0 0.0
img_1037.jpg 32.744140625 0.0 0.0 0.0
img_1038.jpg 32.9211425781 0.0 0.0 0.0
img_1039.jpg 32.9211425781 0.0 0.0 0.0
img_1040.jpg 32.9211425781 0.0 0.0 0.0
img_1041.jpg 32.9211425781 0.0 0.0 0.0
img_1042.jpg 0.0 25.941239287 0.0 0.0
img_1043.jpg 0.0 101.376194518 0.0 0.0
img_1044.jpg 0.0 112.836997892 0.0 0.0
img_1045.jpg 0.0 112.836997892 0.0 0.0
img_1046.jpg 0.0 112.597135894 0.0 0.0
img_1047.jpg 0.0 112.597135894 0.0 0.0
img_1048.jpg 0.0 112.597135894 0.0 0.0
img_1049.jpg 0.0 112.597135894 0.0 0.0
img_1050.jpg 0.0 112.597135894 0.0 0.0
img_1051.jpg 0.0 112.360559678 0.0 0.0
img_1052.jpg 0.0 0.0 -90.0 0.0
img_1053.jpg 0.0 0.0 -90.0 0.0
img_1054.jpg 0.0 0.0 -90.0 0.0
img_1055.jpg 0.0 0.0 -90.0 0.0
img_1056.jpg 0.0 0.0 -90.0 0.0
img_1057.jpg 0.0 0.0 -90.0 0.0
img_1058.jpg 0.0 0.0 -90.0 0.0
img_1059.jpg 0.0 0.0 -90.0 0.0
img_1060.jpg 0.0 0.0 -90.0 0.0
img_1061.jpg 0.0 0.0 -90.0 0.0
img_1062.jpg 0.0 0.0 -90.0 0.0
img_1063.jpg 0.0 0.0 -90.0 0.0
img_1064.jpg 0.0 0.0 -90.0 0.0
img_1065.jpg 0.0 0.0 -90.0 0.0
img_1066.jpg 0.0 0.0 -90.0 0.0
img_1067.jpg 0.0 0.0 -90.0 0.0
img_1068.jpg 0.0 0.0 -90.0 0.0
img_1069.jpg 0.0 -119.995864208 -90.0 0.0
img_1070.jpg 0.0 -119.995864208 -90.0 0.0
img_1071.jpg 0.0 -119.995864208 -90.0 0.0
img_1072.jpg 0.0 -119.995864208 -90.0 0.0
img_1073.jpg 0.0 -119.995864208 -90.0 0.0
img_1074.jpg 0.0 -119.995864208 -90.0 0.0
img_1075.jpg 0.0 -119.995864208 -90.0 0.0
img_1076.jpg 0.0 -119.995864208 -90.0 0.0
img_1077.jpg 0.0 -119.995864208 -90.0 0.0
img_1078.jpg 0.0 -119.995864208 -90.0 0.0
img_1079.jpg 0.0 -119.995864208 -90.0 0.0
img_1080.jpg 0.0 -119.995864208 -90.0 0.0
img_1081.jpg -3.68896484375 0.0 0.0 0.0
img_1082.jpg -10.3869628906 0.0 0.0 0.0
img_1083.jpg -11.7468261719 0.0 0.0 0.0
img_1084.jpg -12.5231933594 0.0 0.0 0.0
img_1085.jpg -14.0771484375 0.0 0.0 0.0
img_1086.jpg -14.6594238281 0.0 0.0 0.0
img_1087.jpg -14.3676757812 0.0 0.0 0.0
img_1088.jpg -14.3676757812 0.0 0.0 0.0
img_1089.jpg -14.3676757812 0.0 0.0 0.0
img_1090.jpg -14.755859375 0.0 0.0 0.0
img_1091.jpg -16.8920898438 0.0 0.0 0.0
img_1092.jpg -19.4165039062 0.0 0.0 0.0
img_1093.jpg -20.4846191406 0.0 0.0 0.0
img_1094.jpg -20.6787109375 0.0 0.0 0.0
img_1095.jpg -20.5810546875 0.0 0.0 0.0
img_1096.jpg -20.6787109375 0.0 0.0 0.0
img_1097.jpg -20.6787109375 0.0 0.0 0.0
img_1098.jpg -20.4846191406 0.0 0.0 0.0
img_1099.jpg -20.4846191406 0.0 0.0 0.0
img_1100.jpg 0.0 0.0 90.0 0.0
img_1101.jpg 0.0 0.0 90.0 0.0
img_1102.jpg 0.0 0.0 90.0 0.0
img_1103.jpg 0.0 0.0 90.0 0.0
img_1104.jpg 0.0 0.0 90.0 0.0
img_1105.jpg 0.0 0.0 90.0 0.0
img_1106.jpg 0.0 0.0 90.0 0.0
img_1107.jpg 0.0 0.0 90.0 0.0
img_1108.jpg 0.0 0.0 90.0 0.0
img_1109.jpg 0.0 0.0 90.0 0.0
img_1110.jpg 0.0 0.0 90.0 0.0
img_1111.jpg 0.0 0.0 90.0 0.0
img_1112.jpg 0.0 0.0 90.0 0.0
img_1113.jpg 0.0 0.0 90.0 0.0
img_1114.jpg 0.0 0.0 90.0 0.0
img_1115.jpg 0.0 0.0 90.0 0.0
img_1116.jpg 0.0 0.0 90.0 0.0
img_1117.jpg 0.0 0.0 90.0 0.0
img_1118.jpg 0.0 24.9850770789 0.0 0.0
img_1119.jpg 0.0 61.5098162701 0.0 0.0
img_1120.jpg 0.0 85.6208756606 0.0 0.0
img_1121.jpg 0.0 93.5001779798 0.0 0.0
img_1122.jpg 0.0 93.2603159826 0.0 0.0
img_1123.jpg 0.0 93.0237397662 0.0 0.0
img_1124.jpg 0.0 92.783877769 0.0 0.0
img_1125.jpg 0.0 92.783877769 0.0 0.0
img_1126.jpg 0.0 92.783877769 0.0 0.0
img_1127.jpg 0.0 92.783877769 0.0 0.0
img_1128.jpg 0.0 92.783877769 0.0 0.0
img_1129.jpg 0.0 92.783877769 0.0 0.0
img_1130.jpg 0.0 92.783877769 0.0 0.0
img_1131.jpg 0.0 92.783877769 -90.0 0.0
img_1132.jpg 0.0 21.1669998083 -90.0 0.0
img_1133.jpg 0.0 0.0 -90.0 0.0
img_1134.jpg 0.0 0.0 -90.0 0.0
img_1135.jpg 0.0 0.0 -90.0 0.0
img_1136.jpg 0.0 0.0 -90.0 0.0
img_1137.jpg 0.0 0.0 -90.0 0.0
img_1138.jpg 0.0 0.0 -90.0 0.0
img_1139.jpg 0.0 0.0 -90.0 0.0
img_1140.jpg 0.0 0.0 -90.0 0.0
img_1141.jpg 0.0 0.0 -90.0 0.0
img_1142.jpg -9.22241210938 0.0 0.0 0.0
img_1143.jpg -14.0771484375 0.0 0.0 0.0
img_1144.jpg -15.4357910156 0.0 0.0 0.0
img_1145.jpg -15.7275390625 0.0 0.0 0.0
img_1146.jpg -15.9216308594 0.0 0.0 0.0
img_1147.jpg -15.8239746094 0.0 0.0 0.0
img_1148.jpg -15.8239746094 0.0 0.0 0.0
img_1149.jpg -16.50390625 0.0 0.0 0.0
img_1150.jpg -17.2802734375 0.0 0.0 0.0
img_1151.jpg -17.2802734375 0.0 0.0 0.0
img_1152.jpg -17.2802734375 0.0 0.0 0.0
img_1153.jpg -17.7661132812 0.0 0.0 0.0
img_1154.jpg -19.4165039062 0.0 0.0 0.0
img_1155.jpg -19.6105957031 0.0 0.0 0.0
img_1156.jpg -19.9011230469 0.0 0.0 0.0
img_1157.jpg -19.9011230469 0.0 0.0 0.0
img_1158.jpg 0.0 0.0 90.0 0.0
img_1159.jpg 0.0 0.0 90.0 0.0
img_1160.jpg 0.0 0.0 90.0 0.0
img_1161.jpg 0.0 0.0 90.0 0.0
img_1162.jpg 0.0 0.0 90.0 0.0
img_1163.jpg 0.0 0.0 90.0 0.0
img_1164.jpg 0.0 0.0 90.0 0.0
img_1165.jpg 0.0 0.0 90.0 0.0
img_1166.jpg 0.0 0.0 90.0 0.0
img_1167.jpg 0.0 28.0901399195 0.0 0.0
img_1168.jpg 0.0 105.19755757 0.0 0.0
img_1169.jpg 0.0 109.255496837 0.0 0.0
img_1170.jpg 0.0 109.731935051 0.0 0.0
img_1171.jpg 0.0 113.313436105 0.0 0.0
img_1172.jpg 0.0 114.269598313 0.0 0.0
img_1173.jpg 0.0 114.269598313 0.0 0.0
img_1174.jpg 0.0 114.269598313 0.0 0.0
img_1175.jpg 0.0 114.50617453 0.0 0.0
img_1176.jpg 0.0 114.269598313 0.0 0.0
img_1177.jpg 0.0 114.269598313 0.0 0.0
img_1178.jpg 0.0 114.269598313 0.0 0.0
img_1179.jpg 0.0 114.269598313 0.0 0.0
img_1180.jpg 0.0 113.789874319 0.0 0.0
img_1181.jpg 0.0 67.7166561704 -90.0 0.0
img_1182.jpg 0.0 0.0 -90.0 0.0
img_1183.jpg 0.0 0.0 -90.0 0.0
img_1184.jpg 0.0 0.0 -90.0 0.0
img_1185.jpg 0.0 0.0 -90.0 0.0
img_1186.jpg 0.0 0.0 -90.0 0.0
img_1187.jpg 0.0 0.0 -90.0 0.0
img_1188.jpg 0.0 0.0 -90.0 0.0
img_1189.jpg 0.0 -37.8218163019 0.0 0.0
img_1190.jpg 0.0 -119.995864208 0.0 0.0
img_1191.jpg 0.0 -119.995864208 0.0 0.0
img_1192.jpg 0.0 -119.995864208 0.0 0.0
img_1193.jpg 0.0 -119.995864208 0.0 0.0
img_1194.jpg 0.0 -119.995864208 0.0 0.0
img_1195.jpg 0.0 -81.0697914872 0.0 0.0
