frame_0.jpg 3.67395 0.01256 0.02136 2.35931 0.03768 0.0
frame_1.jpg 3.67395 0.01256 0.02136 2.35931 0.03768 0.0
frame_2.jpg 3.67368 0.01143 0.02094 2.42085 0.03818 0.0
frame_3.jpg 3.65835 0.01026 0.02081 2.38116 0.03784 0.0
frame_4.jpg 3.62743 0.00998 0.02036 2.34858 0.03767 0.0
frame_5.jpg 3.48916 0.00958 0.02 2.35931 0.03768 0.0
frame_6.jpg 3.48916 0.00958 0.02 2.35931 0.03768 0.0
frame_7.jpg 3.48916 0.00958 0.02 2.35931 0.03768 0.0
frame_8.jpg 3.48916 0.00958 0.02 2.35931 0.03768 0.0
frame_9.jpg 3.48916 0.00958 0.02 2.35931 0.03768 0.0
frame_10.jpg 3.48916 0.00958 0.02 2.35931 0.03768 0.0
frame_11.jpg 3.48916 0.00958 0.02 2.35931 0.03768 0.0
frame_12.jpg 3.48916 0.00958 0.02 2.35931 0.03768 0.0
frame_13.jpg 3.48916 0.00958 0.02 2.35931 0.03768 0.0
frame_14.jpg 3.48916 0.00958 0.02 2.35931 0.03768 0.0
frame_15.jpg 3.46196 0.00958 0.02016 2.35931 0.03768 0.0
frame_16.jpg 3.46196 0.00958 0.02016 2.35931 0.03768 0.0
frame_17.jpg 3.46196 0.00958 0.02016 2.35931 0.03768 0.0
frame_18.jpg 3.46196 0.00958 0.02016 2.35931 0.03768 0.0
frame_19.jpg 3.46196 0.00958 0.02016 2.35931 0.03768 0.0
frame_20.jpg 3.46196 0.00958 0.02016 2.35931 0.03768 0.0
frame_21.jpg 3.46196 0.00958 0.02016 2.35931 0.03768 0.0
frame_22.jpg 3.46196 0.00958 0.02016 2.35931 0.03768 0.0
frame_23.jpg 3.46196 0.00958 0.02016 2.35931 0.03768 0.0
frame_24.jpg 3.46196 0.00958 0.02016 2.35931 0.03768 0.0
frame_25.jpg 3.47047 0.01067 0.02309 2.37183 0.03759 0.0
frame_26.jpg 3.4757 0.0109 0.03418 2.43204 0.03777 0.0
frame_27.jpg 3.47612 0.01094 0.04919 2.30093 0.03734 0.0
frame_28.jpg 3.47654 0.01013 0.06721 2.43213 0.03818 0.0
frame_29.jpg 3.47654 0.00923 0.0848 2.44084 0.03785 0.0
frame_30.jpg 3.47654 0.00976 0.10157 2.33867 0.0375 0.0
frame_31.jpg 3.47898 0.00892 0.16384 2.35931 0.03768 0.0
frame_32.jpg 3.47898 0.00892 0.16384 2.35931 0.03768 0.0
frame_33.jpg 3.47898 0.00892 0.16384 2.35931 0.03768 0.0
frame_34.jpg 3.47898 0.00938 0.16464 2.35931 0.03768 0.0
frame_35.jpg 3.47898 0.00938 0.16464 2.35931 0.03768 0.0
frame_36.jpg 3.47898 0.00938 0.16464 2.35931 0.03768 0.0
frame_37.jpg 3.47898 0.00938 0.16464 2.35931 0.03768 0.0
frame_38.jpg 3.47898 0.00938 0.16464 2.35931 0.03768 0.0
frame_39.jpg 3.47898 0.00957 0.16529 2.35186 0.03751 0.0
frame_40.jpg 3.47898 0.0097 0.16565 2.41954 0.03786 0.0
frame_41.jpg 3.47898 0.01013 0.16543 2.32451 0.03759 0.0
frame_42.jpg 3.47898 0.01023 0.16546 2.33979 0.03751 0.0
frame_43.jpg 3.47898 0.01035 0.16572 2.35932 0.03768 0.0
frame_44.jpg 3.47898 0.01035 0.16572 2.35931 0.03768 0.0
frame_45.jpg 3.47898 0.01035 0.16572 2.35931 0.03768 0.0
frame_46.jpg 3.47898 0.01035 0.16572 2.35931 0.03768 0.0
frame_47.jpg 3.47898 0.01026 0.16557 2.41827 0.03666 0.0
frame_48.jpg 3.47898 0.01046 0.16529 2.30951 0.03233 0.0
frame_49.jpg 3.47898 0.01001 0.16594 2.35931 0.02087 0.0
frame_50.jpg 3.47898 0.01001 0.16594 2.35931 0.02087 0.0
frame_51.jpg 3.47898 0.01001 0.16594 2.35931 0.02079 0.0
frame_52.jpg C o m m   F a i l u r e
frame_53.jpg 3.47898 0.01001 0.16594 2.35931 0.02087 0.0
frame_54.jpg 3.47898 0.01001 0.16594 2.35931 0.02087 0.0
frame_55.jpg 3.47898 0.01001 0.16594 2.35931 0.02087 0.0
frame_56.jpg 3.47898 0.01001 0.16594 2.35931 0.02087 0.0
frame_57.jpg 3.47898 0.01001 0.16594 2.35931 0.02079 0.0
frame_58.jpg 3.47898 0.01001 0.16594 2.35931 0.02087 0.0
frame_59.jpg 3.47898 0.00993 0.14685 2.35931 0.02087 0.0
frame_60.jpg 3.47898 0.00993 0.14676 2.35931 0.02087 0.0
frame_61.jpg 3.47898 0.00993 0.14676 2.35931 0.02087 0.0
frame_62.jpg 3.47898 0.00985 0.14172 2.36907 0.02079 0.0
frame_63.jpg 3.47898 0.00985 0.12769 2.34538 0.0207 0.0
frame_64.jpg 3.47898 0.00983 0.1095 2.37946 0.02105 0.0
frame_65.jpg 3.47898 0.00974 0.0892 2.34247 0.02062 0.0
frame_66.jpg 3.47898 0.00961 0.07066 2.34314 0.02062 0.0
frame_67.jpg 3.47898 0.00947 0.00476 2.35931 0.02087 0.0
frame_68.jpg 3.47898 0.00947 0.00476 2.35931 0.02087 0.0
frame_69.jpg 3.47898 0.00947 0.00476 2.35931 0.02079 0.0
frame_70.jpg 3.47898 0.00947 0.00476 2.35931 0.02087 0.0
frame_71.jpg 3.47943 0.00913 0.00901 2.45209 0.02155 0.0
frame_72.jpg 3.47943 0.00918 0.02096 2.44142 0.0213 0.0
frame_73.jpg 3.47943 0.00949 0.03595 2.39708 0.02088 0.0
frame_74.jpg 3.47943 0.0104 0.12528 2.35931 0.02087 0.0
frame_75.jpg 3.47943 0.0104 0.12528 2.35931 0.02087 0.0
frame_76.jpg 3.47943 0.0104 0.12528 2.35931 0.02087 0.0
frame_77.jpg 3.47943 0.0104 0.12528 2.35931 0.02087 0.0
frame_78.jpg 3.47943 0.0104 0.12528 2.35931 0.02087 0.0
frame_79.jpg 3.47943 0.0104 0.12525 2.35931 0.02087 0.0
frame_80.jpg 3.47943 0.0104 0.12526 2.35931 0.02087 0.0
frame_81.jpg 3.47943 0.0104 0.12526 2.35931 0.02087 0.0
frame_82.jpg 3.47943 0.0104 0.12526 2.35931 0.02087 0.0
frame_83.jpg 3.47943 0.0104 0.12526 2.36005 0.02087 0.0
frame_84.jpg 3.47943 0.0104 0.12526 2.35931 0.02087 0.0
frame_85.jpg 3.6789 0.00969 0.12739 2.35931 0.02087 0.0
frame_86.jpg 3.67436 0.00959 0.12745 2.36688 0.0207 0.0
frame_87.jpg 3.6653 0.00959 0.12738 2.35334 0.0207 0.0
frame_88.jpg 3.6517 0.00966 0.12732 2.33692 0.0207 0.0
frame_89.jpg 3.63356 0.00972 0.12738 2.34024 0.02062 0.0
frame_90.jpg 3.6109 0.00976 0.12725 2.3456 0.02062 0.0
frame_91.jpg 3.54517 0.00978 0.12723 2.35931 0.02087 0.0
frame_92.jpg 3.54673 0.01007 0.12725 2.32001 0.02197 0.0
frame_93.jpg 3.54673 0.01024 0.12689 2.38762 0.02654 0.0
frame_94.jpg 3.54673 0.01 0.12722 2.39113 0.0297 0.0
frame_95.jpg 3.54673 0.0108 0.12645 2.33275 0.03334 0.0
frame_96.jpg 3.54673 0.01047 0.12657 2.35931 0.03759 0.0
frame_97.jpg 3.54673 0.01047 0.12657 2.35931 0.03759 0.0
frame_98.jpg 3.54673 0.01047 0.12657 2.35931 0.03759 0.0
frame_99.jpg 3.54673 0.01047 0.12657 2.35931 0.03759 0.0
frame_100.jpg 3.54673 0.01025 0.12252 2.37121 0.03751 0.0
frame_101.jpg 3.54673 0.01016 0.10924 2.34828 0.0375 0.0
frame_102.jpg 3.54673 0.00983 0.09312 2.37719 0.03784 0.0
frame_103.jpg 3.54673 0.00948 0.07587 2.35161 0.03751 0.0
frame_104.jpg 3.54673 0.00961 0.03517 2.35931 0.03759 0.0
frame_105.jpg 3.55126 0.00961 0.03405 2.34459 0.03742 0.0
frame_106.jpg 3.56713 0.00974 0.03352 2.34853 0.03742 0.0
frame_107.jpg 3.59659 0.00985 0.03314 2.34539 0.03742 0.0
frame_108.jpg 3.63286 0.00959 0.03313 2.37485 0.03742 0.0
frame_109.jpg 3.67366 0.00955 0.03315 2.35973 0.03743 0.0
frame_110.jpg 3.87766 0.00958 0.03293 2.35931 0.03751 0.0
frame_111.jpg 3.87723 0.00974 0.03417 2.34621 0.03742 0.0
frame_112.jpg 3.87723 0.00993 0.03699 2.39569 0.03792 0.0
frame_113.jpg 3.87723 0.01014 0.03935 2.34301 0.03742 0.0
frame_114.jpg 3.87723 0.00981 0.10406 2.35931 0.03759 0.0
frame_115.jpg 3.87681 0.00953 0.10021 2.3599 0.03759 0.0
frame_116.jpg 3.87681 0.00972 0.0867 2.37253 0.0376 0.0
frame_117.jpg 3.87681 0.0096 0.06931 2.34491 0.0375 0.0
frame_118.jpg 3.87681 0.00964 0.02596 2.35931 0.03759 0.0
frame_119.jpg 3.8716 0.00929 0.02555 2.37464 0.03767 0.0
frame_120.jpg 3.86254 0.00957 0.02499 2.37014 0.0375 0.0
frame_121.jpg 3.8444 0.00958 0.02455 2.3473 0.03743 0.0
frame_122.jpg 3.81721 0.0096 0.02425 2.34656 0.03751 0.0
frame_123.jpg 3.78547 0.00959 0.02424 2.34316 0.03751 0.0
